# Configuracion:
# Concentracion g/m^3_=_10000.0
# C_Vs_to_Am_M_A/Vsm_=_254322799225.57578
# pendiente_HvsI_1/m_=_3716.3
# ordenada_HvsI_A/m_=_1297.0
# frecuencia_ref_Hz_=_263774.4115037525
# 
Resultados:
# tau_s_=_(1.50+/-0.05)e-07
# dphi_rad_=_6.53+/-0.01
# SAR_W/g_=_435.55+/-13.13
# Hc_kA/m_=_11.50+/-0.18
# Mr_A/m_=_165.49+/-3.88
# Suceptibilidad_a_M=0_=_0.0185+/-0.0003

Nombre_archivo	Time_m	Temperatura_(ºC)	Mr_(A/m)	Hc_(kA/m)	Campo_max_(A/m)	Mag_max_(A/m)	f0	mag0	dphi0	SAR_(W/g)	Tau_(s)	N	xi_M_0
265kHz_100dA_100Mss_Ni0sRD006.txt	29/05/2024 17:54:12	19.1	159.02	11.43	38460.00	416.24	2.637942e+05	6.552760e+00	6.525189e+00	424.31	1.489388e-07	4549	1.772e-02
265kHz_100dA_100Mss_Ni0sRD007.txt	29/05/2024 17:54:13	19.1	165.44	11.68	38460.00	418.54	2.637942e+05	6.617394e+00	6.533704e+00	443.27	1.544032e-07	4549	1.812e-02
265kHz_100dA_100Mss_Ni0sRD008.txt	29/05/2024 17:54:14	19.1	161.77	11.51	38460.00	421.52	2.637942e+05	6.604030e+00	6.524468e+00	426.39	1.484785e-07	4549	1.806e-02
265kHz_100dA_100Mss_Ni0sRD009.txt	29/05/2024 17:54:14	19.1	157.91	11.25	38460.00	421.57	2.637942e+05	6.632808e+00	6.514916e+00	411.60	1.423808e-07	4549	1.815e-02
265kHz_100dA_100Mss_Ni0sRD010.txt	29/05/2024 17:54:15	19.1	167.29	11.64	38460.00	429.70	2.637942e+05	6.685179e+00	6.532263e+00	445.28	1.534758e-07	4549	1.854e-02
265kHz_100dA_100Mss_Ni0sRD011.txt	29/05/2024 17:54:15	19.1	165.92	11.59	38460.00	426.78	2.637942e+05	6.669530e+00	6.529630e+00	439.64	1.517861e-07	4549	1.840e-02
265kHz_100dA_100Mss_Ni0sRD012.txt	29/05/2024 17:54:16	19.1	162.41	11.39	38460.00	418.97	2.637942e+05	6.696096e+00	6.521661e+00	427.40	1.466825e-07	4549	1.831e-02
265kHz_100dA_100Mss_Ni0sRD013.txt	29/05/2024 17:54:17	19.1	162.41	11.52	38460.00	419.40	2.637942e+05	6.581858e+00	6.525518e+00	426.77	1.491497e-07	4549	1.812e-02
265kHz_100dA_100Mss_Ni0sRD014.txt	29/05/2024 17:54:17	19.1	168.01	11.74	38460.00	420.72	2.637942e+05	6.624966e+00	6.534486e+00	445.13	1.549047e-07	4549	1.845e-02
265kHz_100dA_100Mss_Ni0sRD015.txt	29/05/2024 17:54:18	19.1	168.52	11.67	38460.00	442.71	2.637942e+05	6.721990e+00	6.530232e+00	444.16	1.521721e-07	4549	1.856e-02
265kHz_100dA_100Mss_Ni0sRD016.txt	29/05/2024 17:54:18	19.1	166.32	11.66	38460.00	427.37	2.637942e+05	6.622758e+00	6.530889e+00	438.74	1.525936e-07	4549	1.826e-02
265kHz_100dA_100Mss_Ni0sRD017.txt	29/05/2024 17:54:19	19.1	158.73	11.25	38460.00	423.09	2.637942e+05	6.631558e+00	6.514816e+00	411.35	1.423171e-07	4549	1.802e-02
265kHz_100dA_100Mss_Ni0sRD018.txt	29/05/2024 17:54:19	19.1	168.95	11.77	38460.00	432.46	2.637942e+05	6.650138e+00	6.533020e+00	444.27	1.539627e-07	4549	1.859e-02
265kHz_100dA_100Mss_Ni0sRD019.txt	29/05/2024 17:54:21	19.1	165.84	11.57	38460.00	435.93	2.637942e+05	6.672826e+00	6.527571e+00	436.26	1.504660e-07	4549	1.839e-02
265kHz_100dA_100Mss_Ni0sRD020.txt	29/05/2024 17:54:21	19.1	159.42	11.15	38460.00	430.35	2.637942e+05	6.731050e+00	6.511787e+00	412.16	1.403892e-07	4549	1.829e-02
265kHz_100dA_100Mss_Ni0sRD021.txt	29/05/2024 17:54:22	19.1	166.36	11.49	38460.00	435.92	2.637942e+05	6.754362e+00	6.524623e+00	436.36	1.485784e-07	4549	1.859e-02
265kHz_100dA_100Mss_Ni0sRD022.txt	29/05/2024 17:54:22	19.1	162.73	11.31	38460.00	433.69	2.637942e+05	6.727690e+00	6.517632e+00	422.29	1.441133e-07	4549	1.836e-02
265kHz_100dA_100Mss_Ni0sRD023.txt	29/05/2024 17:54:23	19.1	161.74	11.31	38460.00	424.27	2.637942e+05	6.682906e+00	6.518347e+00	420.74	1.445685e-07	4549	1.834e-02
265kHz_100dA_100Mss_Ni0sRD024.txt	29/05/2024 17:54:23	19.1	173.38	11.83	38460.00	426.60	2.637942e+05	6.756481e+00	6.541637e+00	466.60	1.595127e-07	4549	1.878e-02
265kHz_100dA_100Mss_Ni0sRD025.txt	29/05/2024 17:54:24	19.1	166.20	11.47	38460.00	434.17	2.637942e+05	6.745068e+00	6.523773e+00	434.26	1.480344e-07	4549	1.853e-02
265kHz_100dA_100Mss_Ni0sRD026.txt	29/05/2024 17:54:25	19.1	174.21	11.85	38460.00	432.64	2.637942e+05	6.751220e+00	6.540317e+00	463.91	1.586621e-07	4549	1.887e-02
265kHz_100dA_100Mss_Ni0sRD027.txt	29/05/2024 17:54:25	19.1	166.95	11.46	38460.00	438.82	2.637942e+05	6.768957e+00	6.524770e+00	437.57	1.486726e-07	4549	1.871e-02
265kHz_100dA_100Mss_Ni0sRD028.txt	29/05/2024 17:54:26	19.1	168.06	11.51	38460.00	426.06	2.637942e+05	6.777532e+00	6.529067e+00	445.76	1.514260e-07	4549	1.878e-02
265kHz_100dA_100Mss_Ni0sRD029.txt	29/05/2024 17:54:26	19.1	169.12	11.65	38460.00	421.87	2.637942e+05	6.685416e+00	6.533641e+00	447.71	1.543629e-07	4549	1.880e-02
265kHz_100dA_100Mss_Ni0sRD030.txt	29/05/2024 17:54:27	19.1	168.16	11.55	38460.00	429.14	2.637942e+05	6.742066e+00	6.529475e+00	444.15	1.516861e-07	4549	1.861e-02
265kHz_100dA_100Mss_Ni0sRD031.txt	29/05/2024 17:54:28	19.1	164.02	11.27	38460.00	437.67	2.637942e+05	6.797760e+00	6.518132e+00	427.58	1.444308e-07	4549	1.867e-02
265kHz_100dA_100Mss_Ni0sRD032.txt	29/05/2024 17:54:28	19.1	163.19	11.28	38460.00	431.23	2.637942e+05	6.754528e+00	6.517408e+00	423.58	1.439684e-07	4549	1.858e-02
265kHz_100dA_100Mss_Ni0sRD033.txt	29/05/2024 17:54:29	19.1	167.58	11.41	38460.00	425.77	2.637942e+05	6.824830e+00	6.526473e+00	444.23	1.497619e-07	4549	1.890e-02
265kHz_100dA_100Mss_Ni0sRD034.txt	29/05/2024 17:54:29	19.1	167.16	11.47	38460.00	441.58	2.637942e+05	6.754579e+00	6.524402e+00	435.99	1.484373e-07	4549	1.876e-02
265kHz_100dA_100Mss_Ni0sRD035.txt	29/05/2024 17:54:30	19.1	169.21	11.56	38460.00	432.32	2.637942e+05	6.761306e+00	6.528480e+00	443.65	1.510486e-07	4549	1.878e-02
265kHz_100dA_100Mss_Ni0sRD036.txt	29/05/2024 17:54:31	19.2	164.10	11.26	38460.00	420.42	2.637942e+05	6.775396e+00	6.520902e+00	431.11	1.461999e-07	4549	1.871e-02
