# Temperatura_=_19.10322580645162
# Concentracion g/m^3_=_10000.0
# C_Vs_to_Am_M_A/Vsm_=_254322799225.57578
# pendiente_HvsI_1/m_=_3716.3
# ordenada_HvsI_A/m_=_1297.0
# frecuencia_Hz_=_263774.4115037525
# Promedio de 31 ciclos

Tiempo_(s)	Campo_(V.s)	Magnetizacion_(V.s)	Campo_(kA/m)	Magnetizacion_(A/m)
0.000000e+00	-7.237194e-09	-1.359406e-09	-3.828688e+01	-4.012310e+02
1.000000e-08	-7.234838e-09	-1.359018e-09	-3.827437e+01	-4.011194e+02
2.000000e-08	-7.230519e-09	-1.358528e-09	-3.825148e+01	-4.009746e+02
3.000000e-08	-7.224419e-09	-1.358040e-09	-3.821914e+01	-4.008425e+02
4.000000e-08	-7.216581e-09	-1.357316e-09	-3.817759e+01	-4.006330e+02
5.000000e-08	-7.206778e-09	-1.356190e-09	-3.812565e+01	-4.002817e+02
6.000000e-08	-7.194810e-09	-1.354999e-09	-3.806228e+01	-3.999300e+02
7.000000e-08	-7.180761e-09	-1.353874e-09	-3.798790e+01	-3.996300e+02
8.000000e-08	-7.164427e-09	-1.351218e-09	-3.790141e+01	-3.988571e+02
9.000000e-08	-7.145783e-09	-1.346098e-09	-3.780268e+01	-3.972464e+02
1.000000e-07	-7.124863e-09	-1.341275e-09	-3.769192e+01	-3.956906e+02
1.100000e-07	-7.101821e-09	-1.341599e-09	-3.756994e+01	-3.958328e+02
1.200000e-07	-7.077239e-09	-1.346448e-09	-3.743982e+01	-3.974363e+02
1.300000e-07	-7.051353e-09	-1.346570e-09	-3.730282e+01	-3.975932e+02
1.400000e-07	-7.023772e-09	-1.337851e-09	-3.715680e+01	-3.948584e+02
1.500000e-07	-6.994213e-09	-1.329338e-09	-3.700034e+01	-3.921126e+02
1.600000e-07	-6.963166e-09	-1.328422e-09	-3.683603e+01	-3.921680e+02
1.700000e-07	-6.930538e-09	-1.327002e-09	-3.666332e+01	-3.918734e+02
1.800000e-07	-6.895675e-09	-1.325505e-09	-3.647880e+01	-3.910429e+02
1.900000e-07	-6.859094e-09	-1.336538e-09	-3.628523e+01	-3.947497e+02
2.000000e-07	-6.821011e-09	-1.353009e-09	-3.608369e+01	-4.002570e+02
2.100000e-07	-6.780986e-09	-1.360345e-09	-3.587187e+01	-4.021967e+02
2.200000e-07	-6.739049e-09	-1.367464e-09	-3.564995e+01	-4.045092e+02
2.300000e-07	-6.695097e-09	-1.380712e-09	-3.541734e+01	-4.089602e+02
2.400000e-07	-6.649071e-09	-1.385511e-09	-3.517377e+01	-4.101367e+02
2.500000e-07	-6.601282e-09	-1.388343e-09	-3.492087e+01	-4.110661e+02
2.600000e-07	-6.551466e-09	-1.397028e-09	-3.465727e+01	-4.140918e+02
2.700000e-07	-6.499466e-09	-1.396809e-09	-3.438214e+01	-4.137909e+02
2.800000e-07	-6.445591e-09	-1.393403e-09	-3.409707e+01	-4.127889e+02
2.900000e-07	-6.389890e-09	-1.394804e-09	-3.380234e+01	-4.136263e+02
3.000000e-07	-6.332398e-09	-1.387678e-09	-3.349815e+01	-4.113851e+02
3.100000e-07	-6.273009e-09	-1.377164e-09	-3.318391e+01	-4.080872e+02
3.200000e-07	-6.211776e-09	-1.371854e-09	-3.285990e+01	-4.066476e+02
3.300000e-07	-6.148972e-09	-1.367110e-09	-3.252757e+01	-4.052232e+02
3.400000e-07	-6.084598e-09	-1.363909e-09	-3.218694e+01	-4.042429e+02
3.500000e-07	-6.018375e-09	-1.357907e-09	-3.183654e+01	-4.025786e+02
3.600000e-07	-5.950248e-09	-1.348438e-09	-3.147607e+01	-3.997374e+02
3.700000e-07	-5.880380e-09	-1.343755e-09	-3.110640e+01	-3.983026e+02
3.800000e-07	-5.808975e-09	-1.338476e-09	-3.072858e+01	-3.968563e+02
3.900000e-07	-5.735931e-09	-1.326988e-09	-3.034207e+01	-3.933966e+02
4.000000e-07	-5.661033e-09	-1.319318e-09	-2.994574e+01	-3.909833e+02
4.100000e-07	-5.584437e-09	-1.315529e-09	-2.954045e+01	-3.899280e+02
4.200000e-07	-5.506152e-09	-1.307282e-09	-2.912623e+01	-3.875513e+02
4.300000e-07	-5.426043e-09	-1.299264e-09	-2.870232e+01	-3.851825e+02
4.400000e-07	-5.344303e-09	-1.293225e-09	-2.826977e+01	-3.834476e+02
4.500000e-07	-5.261235e-09	-1.282904e-09	-2.783025e+01	-3.803937e+02
4.600000e-07	-5.176993e-09	-1.272345e-09	-2.738451e+01	-3.771977e+02
4.700000e-07	-5.091574e-09	-1.265825e-09	-2.693255e+01	-3.752401e+02
4.800000e-07	-5.004934e-09	-1.258681e-09	-2.647414e+01	-3.731778e+02
4.900000e-07	-4.917082e-09	-1.248983e-09	-2.600933e+01	-3.703323e+02
5.000000e-07	-4.827881e-09	-1.239173e-09	-2.553737e+01	-3.673973e+02
5.100000e-07	-4.737207e-09	-1.229729e-09	-2.505757e+01	-3.646076e+02
5.200000e-07	-4.645243e-09	-1.219741e-09	-2.457092e+01	-3.616738e+02
5.300000e-07	-4.552156e-09	-1.209465e-09	-2.407833e+01	-3.586272e+02
5.400000e-07	-4.457922e-09	-1.199580e-09	-2.357968e+01	-3.557018e+02
5.500000e-07	-4.362586e-09	-1.190673e-09	-2.307527e+01	-3.530787e+02
5.600000e-07	-4.266138e-09	-1.181029e-09	-2.256503e+01	-3.502274e+02
5.700000e-07	-4.168410e-09	-1.169919e-09	-2.204798e+01	-3.469415e+02
5.800000e-07	-4.069402e-09	-1.158856e-09	-2.152414e+01	-3.436892e+02
5.900000e-07	-3.969329e-09	-1.147087e-09	-2.099470e+01	-3.402228e+02
6.000000e-07	-3.868229e-09	-1.134141e-09	-2.045980e+01	-3.363670e+02
6.100000e-07	-3.766059e-09	-1.122135e-09	-1.991924e+01	-3.327870e+02
6.200000e-07	-3.662922e-09	-1.112092e-09	-1.937360e+01	-3.298411e+02
6.300000e-07	-3.558818e-09	-1.101601e-09	-1.882285e+01	-3.267813e+02
6.400000e-07	-3.453646e-09	-1.089258e-09	-1.826645e+01	-3.231545e+02
6.500000e-07	-3.347383e-09	-1.076160e-09	-1.770424e+01	-3.192753e+02
6.600000e-07	-3.240096e-09	-1.062371e-09	-1.713662e+01	-3.151703e+02
6.700000e-07	-3.131867e-09	-1.047925e-09	-1.656399e+01	-3.108806e+02
6.800000e-07	-3.022747e-09	-1.034396e-09	-1.598656e+01	-3.068832e+02
6.900000e-07	-2.912790e-09	-1.021635e-09	-1.540477e+01	-3.031331e+02
7.000000e-07	-2.802073e-09	-1.007953e-09	-1.481906e+01	-2.990956e+02
7.100000e-07	-2.690685e-09	-9.936170e-10	-1.422979e+01	-2.948438e+02
7.200000e-07	-2.578618e-09	-9.794150e-10	-1.363694e+01	-2.906577e+02
7.300000e-07	-2.465708e-09	-9.646935e-10	-1.303957e+01	-2.863224e+02
7.400000e-07	-2.351786e-09	-9.490255e-10	-1.243676e+01	-2.816799e+02
7.500000e-07	-2.236908e-09	-9.331445e-10	-1.182887e+01	-2.769610e+02
7.600000e-07	-2.121258e-09	-9.172315e-10	-1.121696e+01	-2.722400e+02
7.700000e-07	-2.005000e-09	-9.011697e-10	-1.060191e+01	-2.675016e+02
7.800000e-07	-1.888261e-09	-8.851240e-10	-9.984356e+00	-2.627820e+02
7.900000e-07	-1.771064e-09	-8.686419e-10	-9.364347e+00	-2.579271e+02
8.000000e-07	-1.653377e-09	-8.512756e-10	-8.741785e+00	-2.527888e+02
8.100000e-07	-1.535234e-09	-8.333570e-10	-8.116785e+00	-2.474699e+02
8.200000e-07	-1.416722e-09	-8.154496e-10	-7.489779e+00	-2.421738e+02
8.300000e-07	-1.297929e-09	-7.971866e-10	-6.861288e+00	-2.367831e+02
8.400000e-07	-1.178889e-09	-7.782286e-10	-6.231579e+00	-2.311667e+02
8.500000e-07	-1.059621e-09	-7.590311e-10	-5.600725e+00	-2.254730e+02
8.600000e-07	-9.401356e-10	-7.395868e-10	-4.968658e+00	-2.197091e+02
8.700000e-07	-8.204305e-10	-7.196144e-10	-4.335387e+00	-2.137874e+02
8.800000e-07	-7.005195e-10	-6.991470e-10	-3.700992e+00	-2.077372e+02
8.900000e-07	-5.804594e-10	-6.782863e-10	-3.065778e+00	-2.015927e+02
9.000000e-07	-4.602874e-10	-6.568602e-10	-2.430040e+00	-1.952683e+02
9.100000e-07	-3.400363e-10	-6.346167e-10	-1.793972e+00	-1.886790e+02
9.200000e-07	-2.197589e-10	-6.118665e-10	-1.157723e+00	-1.819392e+02
9.300000e-07	-9.944801e-11	-5.890388e-10	-5.212416e-01	-1.751772e+02
9.400000e-07	2.090730e-11	-5.657848e-10	1.154497e-01	-1.682878e+02
9.500000e-07	1.412684e-10	-5.418851e-10	7.521639e-01	-1.612175e+02
9.600000e-07	2.615857e-10	-5.172615e-10	1.388677e+00	-1.539342e+02
9.700000e-07	3.818273e-10	-4.917244e-10	2.024776e+00	-1.463756e+02
9.800000e-07	5.019582e-10	-4.654361e-10	2.660248e+00	-1.385867e+02
9.900000e-07	6.219664e-10	-4.387408e-10	3.295069e+00	-1.306710e+02
1.000000e-06	7.418566e-10	-4.113661e-10	3.929261e+00	-1.225507e+02
1.010000e-06	8.615948e-10	-3.828890e-10	4.562680e+00	-1.141017e+02
1.020000e-06	9.811318e-10	-3.534935e-10	5.195071e+00	-1.053743e+02
1.030000e-06	1.100436e-09	-3.231422e-10	5.826211e+00	-9.634708e+01
1.040000e-06	1.219493e-09	-2.918271e-10	6.456008e+00	-8.703701e+01
1.050000e-06	1.338312e-09	-2.596301e-10	7.084495e+00	-7.747644e+01
1.060000e-06	1.456866e-09	-2.266205e-10	7.711603e+00	-6.767920e+01
1.070000e-06	1.575107e-09	-1.928358e-10	8.337110e+00	-5.766296e+01
1.080000e-06	1.692985e-09	-1.580815e-10	8.960709e+00	-4.735618e+01
1.090000e-06	1.810425e-09	-1.224840e-10	9.581993e+00	-3.678603e+01
1.100000e-06	1.927373e-09	-8.607034e-11	1.020066e+01	-2.596662e+01
1.110000e-06	2.043801e-09	-4.871241e-11	1.081656e+01	-1.486917e+01
1.120000e-06	2.159648e-09	-1.048680e-11	1.142940e+01	-3.514753e+00
1.130000e-06	2.274821e-09	2.821211e-11	1.203866e+01	7.979122e+00
1.140000e-06	2.389211e-09	6.697942e-11	1.264376e+01	1.947441e+01
1.150000e-06	2.502727e-09	1.062047e-10	1.324425e+01	3.109962e+01
1.160000e-06	2.615376e-09	1.461811e-10	1.384019e+01	4.296232e+01
1.170000e-06	2.727225e-09	1.869963e-10	1.443190e+01	5.510326e+01
1.180000e-06	2.838337e-09	2.283404e-10	1.501968e+01	6.742166e+01
1.190000e-06	2.948732e-09	2.693956e-10	1.560368e+01	7.964318e+01
1.200000e-06	3.058363e-09	3.095418e-10	1.618363e+01	9.156230e+01
1.210000e-06	3.167204e-09	3.487687e-10	1.675938e+01	1.031699e+02
1.220000e-06	3.275270e-09	3.875144e-10	1.733105e+01	1.146224e+02
1.230000e-06	3.382483e-09	4.260544e-10	1.789824e+01	1.260262e+02
1.240000e-06	3.488646e-09	4.644824e-10	1.845984e+01	1.374115e+02
1.250000e-06	3.593629e-09	5.027195e-10	1.901520e+01	1.487590e+02
1.260000e-06	3.697479e-09	5.404396e-10	1.956461e+01	1.599625e+02
1.270000e-06	3.800315e-09	5.772674e-10	2.010862e+01	1.708947e+02
1.280000e-06	3.902146e-09	6.128317e-10	2.064730e+01	1.814338e+02
1.290000e-06	4.002940e-09	6.468616e-10	2.118052e+01	1.914861e+02
1.300000e-06	4.102729e-09	6.797289e-10	2.170837e+01	2.011822e+02
1.310000e-06	4.201375e-09	7.119454e-10	2.223007e+01	2.106979e+02
1.320000e-06	4.298672e-09	7.438192e-10	2.274467e+01	2.201436e+02
1.330000e-06	4.394651e-09	7.751766e-10	2.325239e+01	2.294638e+02
1.340000e-06	4.489460e-09	8.051867e-10	2.375390e+01	2.383781e+02
1.350000e-06	4.583149e-09	8.335012e-10	2.424942e+01	2.467688e+02
1.360000e-06	4.675754e-09	8.603455e-10	2.473923e+01	2.546961e+02
1.370000e-06	4.767323e-09	8.860365e-10	2.522358e+01	2.622632e+02
1.380000e-06	4.857621e-09	9.108620e-10	2.570117e+01	2.695740e+02
1.390000e-06	4.946408e-09	9.349418e-10	2.617072e+01	2.766817e+02
1.400000e-06	5.033815e-09	9.584670e-10	2.663298e+01	2.836466e+02
1.410000e-06	5.119959e-09	9.814609e-10	2.708859e+01	2.904571e+02
1.420000e-06	5.204841e-09	1.003749e-09	2.753754e+01	2.970529e+02
1.430000e-06	5.288527e-09	1.025256e-09	2.798017e+01	3.034072e+02
1.440000e-06	5.370886e-09	1.045813e-09	2.841577e+01	3.094730e+02
1.450000e-06	5.451705e-09	1.065396e-09	2.884322e+01	3.152562e+02
1.460000e-06	5.530978e-09	1.084267e-09	2.926250e+01	3.208329e+02
1.470000e-06	5.608740e-09	1.102575e-09	2.967378e+01	3.262403e+02
1.480000e-06	5.684991e-09	1.120079e-09	3.007704e+01	3.314083e+02
1.490000e-06	5.759571e-09	1.136525e-09	3.047143e+01	3.362588e+02
1.500000e-06	5.832339e-09	1.151854e-09	3.085624e+01	3.407796e+02
1.510000e-06	5.903428e-09	1.166464e-09	3.123218e+01	3.450900e+02
1.520000e-06	5.972952e-09	1.180809e-09	3.159990e+01	3.493177e+02
1.530000e-06	6.040959e-09	1.194807e-09	3.195960e+01	3.534579e+02
1.540000e-06	6.107279e-09	1.208109e-09	3.231030e+01	3.574029e+02
1.550000e-06	6.171724e-09	1.220336e-09	3.265110e+01	3.610151e+02
1.560000e-06	6.234461e-09	1.231612e-09	3.298289e+01	3.643324e+02
1.570000e-06	6.295630e-09	1.242413e-09	3.330638e+01	3.674986e+02
1.580000e-06	6.355258e-09	1.253113e-09	3.362173e+01	3.706383e+02
1.590000e-06	6.413097e-09	1.263680e-09	3.392760e+01	3.737638e+02
1.600000e-06	6.468991e-09	1.273858e-09	3.422315e+01	3.767897e+02
1.610000e-06	6.523085e-09	1.283658e-09	3.450918e+01	3.796965e+02
1.620000e-06	6.575294e-09	1.293129e-09	3.478527e+01	3.824989e+02
1.630000e-06	6.625339e-09	1.302280e-09	3.504996e+01	3.852033e+02
1.640000e-06	6.673298e-09	1.310953e-09	3.530364e+01	3.877642e+02
1.650000e-06	6.719471e-09	1.319007e-09	3.554789e+01	3.901475e+02
1.660000e-06	6.764008e-09	1.326657e-09	3.578351e+01	3.924060e+02
1.670000e-06	6.806784e-09	1.334203e-09	3.600981e+01	3.946248e+02
1.680000e-06	6.847542e-09	1.341730e-09	3.622544e+01	3.968532e+02
1.690000e-06	6.886436e-09	1.348877e-09	3.643120e+01	3.989774e+02
1.700000e-06	6.923664e-09	1.355482e-09	3.662814e+01	4.009363e+02
1.710000e-06	6.959201e-09	1.361807e-09	3.681610e+01	4.028160e+02
1.720000e-06	6.992775e-09	1.367868e-09	3.699368e+01	4.046092e+02
1.730000e-06	7.024359e-09	1.373552e-09	3.716073e+01	4.062770e+02
1.740000e-06	7.054213e-09	1.378874e-09	3.731859e+01	4.078628e+02
1.750000e-06	7.082396e-09	1.383780e-09	3.746761e+01	4.093491e+02
1.760000e-06	7.108656e-09	1.388215e-09	3.760644e+01	4.106756e+02
1.770000e-06	7.132783e-09	1.392434e-09	3.773402e+01	4.119184e+02
1.780000e-06	7.154983e-09	1.396539e-09	3.785143e+01	4.131292e+02
1.790000e-06	7.175465e-09	1.400252e-09	3.795975e+01	4.142313e+02
1.800000e-06	7.194158e-09	1.403538e-09	3.805859e+01	4.152161e+02
1.810000e-06	7.210817e-09	1.406395e-09	3.814667e+01	4.160788e+02
1.820000e-06	7.225422e-09	1.408766e-09	3.822387e+01	4.167870e+02
1.830000e-06	7.238034e-09	1.410784e-09	3.829054e+01	4.173852e+02
1.840000e-06	7.248439e-09	1.412604e-09	3.834554e+01	4.179386e+02
1.850000e-06	7.256632e-09	1.414147e-09	3.838883e+01	4.184186e+02
1.860000e-06	7.262870e-09	1.415413e-09	3.842178e+01	4.188146e+02
1.870000e-06	7.267291e-09	1.416317e-09	3.844515e+01	4.190835e+02
1.880000e-06	7.269748e-09	1.416677e-09	3.845812e+01	4.191724e+02
1.890000e-06	7.270106e-09	1.416612e-09	3.845999e+01	4.191467e+02
1.900000e-06	7.268563e-09	1.416584e-09	3.845181e+01	4.191589e+02
1.910000e-06	7.265304e-09	1.416738e-09	3.843456e+01	4.192469e+02
1.920000e-06	7.260251e-09	1.416660e-09	3.840778e+01	4.192514e+02
1.930000e-06	7.253183e-09	1.415980e-09	3.837033e+01	4.190498e+02
1.940000e-06	7.244234e-09	1.414856e-09	3.832292e+01	4.187149e+02
1.950000e-06	7.233543e-09	1.413656e-09	3.826627e+01	4.183574e+02
1.960000e-06	7.220840e-09	1.411880e-09	3.819899e+01	4.177954e+02
1.970000e-06	7.205995e-09	1.411088e-09	3.812040e+01	4.175147e+02
1.980000e-06	7.189167e-09	1.413097e-09	3.803134e+01	4.182114e+02
1.990000e-06	7.170042e-09	1.415494e-09	3.793012e+01	4.191474e+02
2.000000e-06	7.148006e-09	1.410177e-09	3.781347e+01	4.175680e+02
2.010000e-06	7.123465e-09	1.398654e-09	3.768363e+01	4.139010e+02
2.020000e-06	7.097728e-09	1.393785e-09	3.754747e+01	4.122687e+02
2.030000e-06	7.071233e-09	1.400340e-09	3.740727e+01	4.144767e+02
2.040000e-06	7.043000e-09	1.409926e-09	3.725783e+01	4.176085e+02
2.050000e-06	7.012462e-09	1.413358e-09	3.709620e+01	4.183023e+02
2.060000e-06	6.980317e-09	1.421527e-09	3.692612e+01	4.209537e+02
2.070000e-06	6.946555e-09	1.435338e-09	3.674750e+01	4.257261e+02
2.080000e-06	6.910790e-09	1.434478e-09	3.655825e+01	4.251541e+02
2.090000e-06	6.873293e-09	1.425786e-09	3.635981e+01	4.222348e+02
2.100000e-06	6.833947e-09	1.422000e-09	3.615155e+01	4.214486e+02
2.110000e-06	6.792681e-09	1.412199e-09	3.593316e+01	4.182048e+02
2.120000e-06	6.749770e-09	1.398248e-09	3.570610e+01	4.136026e+02
2.130000e-06	6.705062e-09	1.391533e-09	3.546955e+01	4.119370e+02
2.140000e-06	6.658422e-09	1.382416e-09	3.522278e+01	4.089514e+02
2.150000e-06	6.609926e-09	1.368533e-09	3.496619e+01	4.044370e+02
2.160000e-06	6.559491e-09	1.365509e-09	3.469928e+01	4.038689e+02
2.170000e-06	6.507240e-09	1.360515e-09	3.442278e+01	4.020708e+02
2.180000e-06	6.452991e-09	1.351385e-09	3.413574e+01	3.990374e+02
2.190000e-06	6.396611e-09	1.352529e-09	3.383742e+01	3.997573e+02
2.200000e-06	6.338483e-09	1.347234e-09	3.352984e+01	3.980407e+02
2.210000e-06	6.278706e-09	1.341600e-09	3.321356e+01	3.962995e+02
2.220000e-06	6.217073e-09	1.338745e-09	3.288741e+01	3.957874e+02
2.230000e-06	6.153588e-09	1.325515e-09	3.255147e+01	3.916758e+02
2.240000e-06	6.088387e-09	1.319585e-09	3.220650e+01	3.897337e+02
2.250000e-06	6.021560e-09	1.319913e-09	3.185293e+01	3.901051e+02
2.260000e-06	5.953051e-09	1.309911e-09	3.149046e+01	3.871882e+02
2.270000e-06	5.882645e-09	1.300938e-09	3.111792e+01	3.842914e+02
2.280000e-06	5.810526e-09	1.301093e-09	3.073631e+01	3.845476e+02
2.290000e-06	5.736854e-09	1.294145e-09	3.034650e+01	3.826998e+02
2.300000e-06	5.661534e-09	1.280433e-09	2.994796e+01	3.783893e+02
2.310000e-06	5.584409e-09	1.276031e-09	2.953985e+01	3.771420e+02
2.320000e-06	5.505411e-09	1.270029e-09	2.912189e+01	3.755164e+02
2.330000e-06	5.424870e-09	1.257752e-09	2.869578e+01	3.717303e+02
2.340000e-06	5.342955e-09	1.252863e-09	2.826240e+01	3.703046e+02
2.350000e-06	5.259761e-09	1.248053e-09	2.782227e+01	3.690183e+02
2.360000e-06	5.175349e-09	1.237176e-09	2.737566e+01	3.658315e+02
2.370000e-06	5.089374e-09	1.226579e-09	2.692074e+01	3.626643e+02
2.380000e-06	5.001854e-09	1.218730e-09	2.645766e+01	3.603467e+02
2.390000e-06	4.913060e-09	1.211092e-09	2.598786e+01	3.581541e+02
2.400000e-06	4.823036e-09	1.201549e-09	2.551159e+01	3.553321e+02
2.410000e-06	4.731902e-09	1.193194e-09	2.502947e+01	3.528716e+02
2.420000e-06	4.639682e-09	1.184740e-09	2.454161e+01	3.504352e+02
2.430000e-06	4.546214e-09	1.174127e-09	2.404715e+01	3.473155e+02
2.440000e-06	4.451333e-09	1.162824e-09	2.354518e+01	3.439719e+02
2.450000e-06	4.355174e-09	1.152714e-09	2.303642e+01	3.410056e+02
2.460000e-06	4.257950e-09	1.143523e-09	2.252205e+01	3.383259e+02
2.470000e-06	4.159698e-09	1.132525e-09	2.200226e+01	3.350931e+02
2.480000e-06	4.060499e-09	1.122284e-09	2.147747e+01	3.320644e+02
2.490000e-06	3.960321e-09	1.112980e-09	2.094751e+01	3.293446e+02
2.500000e-06	3.858988e-09	1.101389e-09	2.041144e+01	3.259627e+02
2.510000e-06	3.756348e-09	1.088206e-09	1.986844e+01	3.220816e+02
2.520000e-06	3.652486e-09	1.075551e-09	1.931901e+01	3.183553e+02
2.530000e-06	3.547628e-09	1.063911e-09	1.876425e+01	3.149310e+02
2.540000e-06	3.441852e-09	1.051691e-09	1.820460e+01	3.113238e+02
2.550000e-06	3.335255e-09	1.039821e-09	1.764062e+01	3.078243e+02
2.560000e-06	3.227886e-09	1.028375e-09	1.707259e+01	3.044726e+02
2.570000e-06	3.119681e-09	1.014950e-09	1.650014e+01	3.005414e+02
2.580000e-06	3.010532e-09	1.000277e-09	1.592273e+01	2.962103e+02
2.590000e-06	2.900351e-09	9.863183e-10	1.533982e+01	2.921005e+02
2.600000e-06	2.789339e-09	9.726125e-10	1.475251e+01	2.880833e+02
2.610000e-06	2.677619e-09	9.582533e-10	1.416147e+01	2.838567e+02
2.620000e-06	2.565105e-09	9.440846e-10	1.356621e+01	2.796876e+02
2.630000e-06	2.451750e-09	9.303791e-10	1.296652e+01	2.756549e+02
2.640000e-06	2.337604e-09	9.157527e-10	1.236265e+01	2.713331e+02
2.650000e-06	2.222784e-09	9.000383e-10	1.175520e+01	2.666879e+02
2.660000e-06	2.107328e-09	8.840626e-10	1.114441e+01	2.619794e+02
2.670000e-06	1.991279e-09	8.677436e-10	1.053043e+01	2.571773e+02
2.680000e-06	1.874645e-09	8.513382e-10	9.913357e+00	2.523407e+02
2.690000e-06	1.757403e-09	8.350584e-10	9.293117e+00	2.475376e+02
2.700000e-06	1.639553e-09	8.183143e-10	8.669623e+00	2.426115e+02
2.710000e-06	1.521130e-09	8.007810e-10	8.043060e+00	2.374542e+02
2.720000e-06	1.402237e-09	7.828227e-10	7.414037e+00	2.321600e+02
2.730000e-06	1.282975e-09	7.645342e-10	6.783143e+00	2.267567e+02
2.740000e-06	1.163403e-09	7.454472e-10	6.150650e+00	2.211041e+02
2.750000e-06	1.043579e-09	7.256144e-10	5.516777e+00	2.152287e+02
2.760000e-06	9.235429e-10	7.056110e-10	4.881734e+00	2.093180e+02
2.770000e-06	8.033190e-10	6.856126e-10	4.245716e+00	2.034214e+02
2.780000e-06	6.829522e-10	6.656695e-10	3.608984e+00	1.975434e+02
2.790000e-06	5.624803e-10	6.457382e-10	2.971744e+00	1.916594e+02
2.800000e-06	4.419548e-10	6.251965e-10	2.334222e+00	1.855931e+02
2.810000e-06	3.214008e-10	6.036295e-10	1.696477e+00	1.792285e+02
2.820000e-06	2.007927e-10	5.813321e-10	1.058410e+00	1.726367e+02
2.830000e-06	8.013995e-11	5.587714e-10	4.201488e-01	1.659493e+02
2.840000e-06	-4.052298e-11	5.356816e-10	-2.181449e-01	1.590923e+02
2.850000e-06	-1.611666e-10	5.118078e-10	-8.563502e-01	1.520091e+02
2.860000e-06	-2.817591e-10	4.873616e-10	-1.494290e+00	1.447785e+02
2.870000e-06	-4.022777e-10	4.621050e-10	-2.131835e+00	1.373192e+02
2.880000e-06	-5.227187e-10	4.360319e-10	-2.768963e+00	1.296179e+02
2.890000e-06	-6.430808e-10	4.093013e-10	-3.405651e+00	1.217066e+02
2.900000e-06	-7.633163e-10	3.815398e-10	-4.041690e+00	1.134654e+02
2.910000e-06	-8.833829e-10	3.528104e-10	-4.676885e+00	1.049395e+02
2.920000e-06	-1.003244e-09	3.235764e-10	-5.310983e+00	9.627887e+01
2.930000e-06	-1.122847e-09	2.936895e-10	-5.943673e+00	8.741656e+01
2.940000e-06	-1.242177e-09	2.631329e-10	-6.574867e+00	7.834964e+01
2.950000e-06	-1.361178e-09	2.321640e-10	-7.204358e+00	6.918006e+01
2.960000e-06	-1.479756e-09	2.007273e-10	-7.831739e+00	5.989865e+01
2.970000e-06	-1.597860e-09	1.684776e-10	-8.456637e+00	5.038226e+01
2.980000e-06	-1.715453e-09	1.349082e-10	-9.078797e+00	4.044450e+01
2.990000e-06	-1.832465e-09	9.982440e-11	-9.697878e+00	3.002054e+01
3.000000e-06	-1.948873e-09	6.352014e-11	-1.031374e+01	1.922168e+01
3.010000e-06	-2.064683e-09	2.667408e-11	-1.092642e+01	8.274300e+00
3.020000e-06	-2.179900e-09	-1.055279e-11	-1.153592e+01	-2.758000e+00
3.030000e-06	-2.294524e-09	-4.834421e-11	-1.214225e+01	-1.395039e+01
3.040000e-06	-2.408453e-09	-8.670546e-11	-1.274489e+01	-2.533178e+01
3.050000e-06	-2.521501e-09	-1.256875e-10	-1.334289e+01	-3.690263e+01
3.060000e-06	-2.633578e-09	-1.650924e-10	-1.393584e+01	-4.859726e+01
3.070000e-06	-2.744770e-09	-2.048224e-10	-1.452412e+01	-6.039730e+01
3.080000e-06	-2.855149e-09	-2.450928e-10	-1.510803e+01	-7.236953e+01
3.090000e-06	-2.964753e-09	-2.858016e-10	-1.568780e+01	-8.447764e+01
3.100000e-06	-3.073597e-09	-3.263261e-10	-1.626352e+01	-9.652327e+01
3.110000e-06	-3.181675e-09	-3.658826e-10	-1.683525e+01	-1.082465e+02
3.120000e-06	-3.288958e-09	-4.041936e-10	-1.740279e+01	-1.195590e+02
3.130000e-06	-3.395379e-09	-4.417752e-10	-1.796575e+01	-1.306589e+02
3.140000e-06	-3.500881e-09	-4.789166e-10	-1.852389e+01	-1.416568e+02
3.150000e-06	-3.605456e-09	-5.153101e-10	-1.907710e+01	-1.524532e+02
3.160000e-06	-3.709026e-09	-5.508636e-10	-1.962492e+01	-1.630126e+02
3.170000e-06	-3.811390e-09	-5.857133e-10	-2.016643e+01	-1.733532e+02
3.180000e-06	-3.912481e-09	-6.196862e-10	-2.070123e+01	-1.834061e+02
3.190000e-06	-4.012432e-09	-6.526227e-10	-2.122995e+01	-1.931316e+02
3.200000e-06	-4.111367e-09	-6.846919e-10	-2.175329e+01	-2.025902e+02
3.210000e-06	-4.209288e-09	-7.160600e-10	-2.227124e+01	-2.118538e+02
3.220000e-06	-4.306173e-09	-7.464342e-10	-2.278368e+01	-2.208336e+02
3.230000e-06	-4.402034e-09	-7.756802e-10	-2.329071e+01	-2.294817e+02
3.240000e-06	-4.496741e-09	-8.040780e-10	-2.379165e+01	-2.378852e+02
3.250000e-06	-4.590099e-09	-8.316010e-10	-2.428543e+01	-2.460179e+02
3.260000e-06	-4.682155e-09	-8.581248e-10	-2.477236e+01	-2.538493e+02
3.270000e-06	-4.772990e-09	-8.836552e-10	-2.525284e+01	-2.613879e+02
3.280000e-06	-4.862553e-09	-9.084048e-10	-2.572657e+01	-2.686882e+02
3.290000e-06	-4.950895e-09	-9.323715e-10	-2.619386e+01	-2.757592e+02
3.300000e-06	-5.038020e-09	-9.550466e-10	-2.665474e+01	-2.824528e+02
3.310000e-06	-5.123684e-09	-9.762021e-10	-2.710789e+01	-2.886900e+02
3.320000e-06	-5.207877e-09	-9.962253e-10	-2.755326e+01	-2.945818e+02
3.330000e-06	-5.290777e-09	-1.015448e-09	-2.799176e+01	-3.002339e+02
3.340000e-06	-5.372358e-09	-1.034006e-09	-2.842325e+01	-3.056900e+02
3.350000e-06	-5.452594e-09	-1.052057e-09	-2.884767e+01	-3.110026e+02
3.360000e-06	-5.531314e-09	-1.069557e-09	-2.926408e+01	-3.161668e+02
3.370000e-06	-5.608267e-09	-1.086283e-09	-2.967115e+01	-3.211011e+02
3.380000e-06	-5.683502e-09	-1.102467e-09	-3.006911e+01	-3.258724e+02
3.390000e-06	-5.757144e-09	-1.118114e-09	-3.045863e+01	-3.304832e+02
3.400000e-06	-5.829288e-09	-1.132804e-09	-3.084024e+01	-3.347899e+02
3.410000e-06	-5.899832e-09	-1.146659e-09	-3.121343e+01	-3.388369e+02
3.420000e-06	-5.968588e-09	-1.159983e-09	-3.157717e+01	-3.427468e+02
3.430000e-06	-6.035682e-09	-1.172966e-09	-3.193211e+01	-3.465720e+02
3.440000e-06	-6.101218e-09	-1.185662e-09	-3.227879e+01	-3.503138e+02
3.450000e-06	-6.165168e-09	-1.197694e-09	-3.261707e+01	-3.538703e+02
3.460000e-06	-6.227346e-09	-1.208812e-09	-3.294600e+01	-3.571524e+02
3.470000e-06	-6.287643e-09	-1.219443e-09	-3.326498e+01	-3.602853e+02
3.480000e-06	-6.346216e-09	-1.229687e-09	-3.357482e+01	-3.633039e+02
3.490000e-06	-6.403168e-09	-1.239365e-09	-3.387610e+01	-3.661419e+02
3.500000e-06	-6.458373e-09	-1.248408e-09	-3.416811e+01	-3.687831e+02
3.510000e-06	-6.511518e-09	-1.256695e-09	-3.444922e+01	-3.711992e+02
3.520000e-06	-6.562584e-09	-1.264382e-09	-3.471932e+01	-3.734428e+02
3.530000e-06	-6.611583e-09	-1.271865e-09	-3.497849e+01	-3.756384e+02
3.540000e-06	-6.658500e-09	-1.279270e-09	-3.522668e+01	-3.778212e+02
3.550000e-06	-6.703699e-09	-1.286343e-09	-3.546576e+01	-3.799072e+02
3.560000e-06	-6.747379e-09	-1.292876e-09	-3.569679e+01	-3.818299e+02
3.570000e-06	-6.789449e-09	-1.298949e-09	-3.591931e+01	-3.836084e+02
3.580000e-06	-6.829864e-09	-1.304590e-09	-3.613309e+01	-3.852555e+02
3.590000e-06	-6.868474e-09	-1.309691e-09	-3.633735e+01	-3.867397e+02
3.600000e-06	-6.905131e-09	-1.314315e-09	-3.653126e+01	-3.880745e+02
3.610000e-06	-6.939936e-09	-1.318742e-09	-3.671538e+01	-3.893485e+02
3.620000e-06	-6.972963e-09	-1.323391e-09	-3.689012e+01	-3.907064e+02
3.630000e-06	-7.004091e-09	-1.328241e-09	-3.705475e+01	-3.921522e+02
3.640000e-06	-7.033206e-09	-1.332671e-09	-3.720869e+01	-3.934818e+02
3.650000e-06	-7.060460e-09	-1.336279e-09	-3.735278e+01	-3.945493e+02
3.660000e-06	-7.085920e-09	-1.339273e-09	-3.748743e+01	-3.954105e+02
3.670000e-06	-7.109528e-09	-1.342053e-09	-3.761228e+01	-3.962023e+02
3.680000e-06	-7.131131e-09	-1.344841e-09	-3.772652e+01	-3.969973e+02
3.690000e-06	-7.150780e-09	-1.347635e-09	-3.783041e+01	-3.977970e+02
3.700000e-06	-7.168654e-09	-1.350179e-09	-3.792491e+01	-3.985328e+02
3.710000e-06	-7.184652e-09	-1.352153e-09	-3.800948e+01	-3.991031e+02
3.720000e-06	-7.198486e-09	-1.353804e-09	-3.808261e+01	-3.995908e+02
3.730000e-06	-7.210080e-09	-1.355558e-09	-3.814388e+01	-4.001250e+02
3.740000e-06	-7.219685e-09	-1.357168e-09	-3.819459e+01	-4.006113e+02
3.750000e-06	-7.227376e-09	-1.358190e-09	-3.823518e+01	-4.008991e+02
3.760000e-06	-7.232983e-09	-1.358805e-09	-3.826480e+01	-4.010567e+02
3.770000e-06	-7.236595e-09	-1.359199e-09	-3.828390e+01	-4.011633e+02
3.780000e-06	-7.238395e-09	-1.359474e-09	-3.829338e+01	-4.012464e+02
3.790000e-06	-7.238322e-09	-1.359583e-09	-3.829292e+01	-4.012808e+02
