# Temperatura_=_20.20625
# Concentracion g/m^3_=_10000.0
# C_Vs_to_Am_M_A/Vsm_=_254322799225.57578
# pendiente_HvsI_1/m_=_3716.3
# ordenada_HvsI_A/m_=_1297.0
# frecuencia_Hz_=_135568.0904780734
# Promedio de 32 ciclos

Tiempo_(s)	Campo_(V.s)	Magnetizacion_(V.s)	Campo_(kA/m)	Magnetizacion_(A/m)
0.000000e+00	-1.082950e-08	-3.328413e-09	-5.700918e+01	-9.620457e+02
1.000000e-08	-1.082948e-08	-3.329154e-09	-5.700899e+01	-9.622539e+02
2.000000e-08	-1.082879e-08	-3.329277e-09	-5.700535e+01	-9.622828e+02
3.000000e-08	-1.082713e-08	-3.328046e-09	-5.699659e+01	-9.619193e+02
4.000000e-08	-1.082443e-08	-3.326721e-09	-5.698235e+01	-9.615265e+02
5.000000e-08	-1.082095e-08	-3.326829e-09	-5.696395e+01	-9.615485e+02
6.000000e-08	-1.081690e-08	-3.327343e-09	-5.694260e+01	-9.617013e+02
7.000000e-08	-1.081227e-08	-3.327992e-09	-5.691811e+01	-9.618946e+02
8.000000e-08	-1.080690e-08	-3.331212e-09	-5.688973e+01	-9.627903e+02
9.000000e-08	-1.080069e-08	-3.333510e-09	-5.685691e+01	-9.633738e+02
1.000000e-07	-1.079345e-08	-3.321479e-09	-5.681865e+01	-9.599545e+02
1.100000e-07	-1.078486e-08	-3.299715e-09	-5.677320e+01	-9.539793e+02
1.200000e-07	-1.077482e-08	-3.300029e-09	-5.672012e+01	-9.542725e+02
1.300000e-07	-1.076392e-08	-3.335776e-09	-5.666266e+01	-9.642760e+02
1.400000e-07	-1.075283e-08	-3.361013e-09	-5.660435e+01	-9.709475e+02
1.500000e-07	-1.074133e-08	-3.322843e-09	-5.654376e+01	-9.599657e+02
1.600000e-07	-1.072878e-08	-3.279207e-09	-5.647761e+01	-9.481416e+02
1.700000e-07	-1.071537e-08	-3.313822e-09	-5.640688e+01	-9.580355e+02
1.800000e-07	-1.070144e-08	-3.348798e-09	-5.633349e+01	-9.673154e+02
1.900000e-07	-1.068649e-08	-3.304854e-09	-5.625466e+01	-9.550511e+02
2.000000e-07	-1.067022e-08	-3.284679e-09	-5.616882e+01	-9.501803e+02
2.100000e-07	-1.065327e-08	-3.334623e-09	-5.607950e+01	-9.640970e+02
2.200000e-07	-1.063592e-08	-3.333854e-09	-5.598808e+01	-9.631551e+02
2.300000e-07	-1.061774e-08	-3.284403e-09	-5.589218e+01	-9.495347e+02
2.400000e-07	-1.059872e-08	-3.302710e-09	-5.579188e+01	-9.549948e+02
2.500000e-07	-1.057920e-08	-3.330105e-09	-5.568903e+01	-9.621781e+02
2.600000e-07	-1.055904e-08	-3.290179e-09	-5.558275e+01	-9.511039e+02
2.700000e-07	-1.053808e-08	-3.285495e-09	-5.547226e+01	-9.505027e+02
2.800000e-07	-1.051648e-08	-3.329756e-09	-5.535841e+01	-9.627529e+02
2.900000e-07	-1.049414e-08	-3.312666e-09	-5.524068e+01	-9.576591e+02
3.000000e-07	-1.047097e-08	-3.286654e-09	-5.511847e+01	-9.507810e+02
3.100000e-07	-1.044721e-08	-3.323423e-09	-5.499326e+01	-9.609406e+02
3.200000e-07	-1.042291e-08	-3.322485e-09	-5.486522e+01	-9.600455e+02
3.300000e-07	-1.039768e-08	-3.277477e-09	-5.473233e+01	-9.476399e+02
3.400000e-07	-1.037142e-08	-3.295845e-09	-5.459402e+01	-9.530289e+02
3.500000e-07	-1.034433e-08	-3.320346e-09	-5.445146e+01	-9.594504e+02
3.600000e-07	-1.031660e-08	-3.284774e-09	-5.430543e+01	-9.496186e+02
3.700000e-07	-1.028826e-08	-3.285201e-09	-5.415615e+01	-9.503087e+02
3.800000e-07	-1.025925e-08	-3.316348e-09	-5.400333e+01	-9.588142e+02
3.900000e-07	-1.022945e-08	-3.294208e-09	-5.384638e+01	-9.524409e+02
4.000000e-07	-1.019888e-08	-3.282625e-09	-5.368529e+01	-9.496075e+02
4.100000e-07	-1.016762e-08	-3.306717e-09	-5.352064e+01	-9.562568e+02
4.200000e-07	-1.013576e-08	-3.295273e-09	-5.335287e+01	-9.527087e+02
4.300000e-07	-1.010330e-08	-3.282445e-09	-5.318184e+01	-9.493252e+02
4.400000e-07	-1.007001e-08	-3.299088e-09	-5.300647e+01	-9.540697e+02
4.500000e-07	-1.003570e-08	-3.293659e-09	-5.282586e+01	-9.522277e+02
4.600000e-07	-1.000052e-08	-3.276932e-09	-5.264068e+01	-9.475437e+02
4.700000e-07	-9.964704e-09	-3.277867e-09	-5.245204e+01	-9.480209e+02
4.800000e-07	-9.928295e-09	-3.274298e-09	-5.226025e+01	-9.468740e+02
4.900000e-07	-9.891249e-09	-3.269102e-09	-5.206517e+01	-9.452588e+02
5.000000e-07	-9.853508e-09	-3.271471e-09	-5.186642e+01	-9.460452e+02
5.100000e-07	-9.815011e-09	-3.265934e-09	-5.166363e+01	-9.444495e+02
5.200000e-07	-9.775841e-09	-3.259214e-09	-5.145731e+01	-9.423906e+02
5.300000e-07	-9.736128e-09	-3.258566e-09	-5.124814e+01	-9.422796e+02
5.400000e-07	-9.695811e-09	-3.251534e-09	-5.103577e+01	-9.403403e+02
5.500000e-07	-9.654674e-09	-3.243292e-09	-5.081915e+01	-9.378966e+02
5.600000e-07	-9.612576e-09	-3.242584e-09	-5.059758e+01	-9.377359e+02
5.700000e-07	-9.569573e-09	-3.240444e-09	-5.037123e+01	-9.371798e+02
5.800000e-07	-9.525830e-09	-3.234214e-09	-5.014085e+01	-9.352834e+02
5.900000e-07	-9.481479e-09	-3.229628e-09	-4.990724e+01	-9.339397e+02
6.000000e-07	-9.436558e-09	-3.226200e-09	-4.967066e+01	-9.329999e+02
6.100000e-07	-9.391025e-09	-3.221068e-09	-4.943083e+01	-9.314717e+02
6.200000e-07	-9.344834e-09	-3.213986e-09	-4.918752e+01	-9.294300e+02
6.300000e-07	-9.297991e-09	-3.207649e-09	-4.894083e+01	-9.276813e+02
6.400000e-07	-9.250525e-09	-3.204448e-09	-4.869091e+01	-9.267388e+02
6.500000e-07	-9.202396e-09	-3.201097e-09	-4.843751e+01	-9.257172e+02
6.600000e-07	-9.153467e-09	-3.195722e-09	-4.817992e+01	-9.241585e+02
6.700000e-07	-9.103641e-09	-3.190249e-09	-4.791763e+01	-9.225660e+02
6.800000e-07	-9.052899e-09	-3.183479e-09	-4.765052e+01	-9.206279e+02
6.900000e-07	-9.001274e-09	-3.175946e-09	-4.737868e+01	-9.184884e+02
7.000000e-07	-8.948890e-09	-3.171544e-09	-4.710281e+01	-9.172137e+02
7.100000e-07	-8.895841e-09	-3.167422e-09	-4.682351e+01	-9.160194e+02
7.200000e-07	-8.842154e-09	-3.159816e-09	-4.654084e+01	-9.138287e+02
7.300000e-07	-8.787863e-09	-3.152922e-09	-4.625491e+01	-9.118209e+02
7.400000e-07	-8.733024e-09	-3.148707e-09	-4.596612e+01	-9.105813e+02
7.500000e-07	-8.677681e-09	-3.142590e-09	-4.567469e+01	-9.088083e+02
7.600000e-07	-8.621820e-09	-3.134624e-09	-4.538052e+01	-9.065143e+02
7.700000e-07	-8.565373e-09	-3.127998e-09	-4.508329e+01	-9.046281e+02
7.800000e-07	-8.508249e-09	-3.121524e-09	-4.478248e+01	-9.027857e+02
7.900000e-07	-8.450360e-09	-3.114479e-09	-4.447765e+01	-9.007520e+02
8.000000e-07	-8.391709e-09	-3.108461e-09	-4.416889e+01	-8.989949e+02
8.100000e-07	-8.332374e-09	-3.102143e-09	-4.385648e+01	-8.971430e+02
8.200000e-07	-8.272411e-09	-3.093748e-09	-4.354064e+01	-8.947076e+02
8.300000e-07	-8.211872e-09	-3.085346e-09	-4.322181e+01	-8.922942e+02
8.400000e-07	-8.150774e-09	-3.078599e-09	-4.290014e+01	-8.903561e+02
8.500000e-07	-8.089109e-09	-3.072000e-09	-4.257550e+01	-8.884483e+02
8.600000e-07	-8.026910e-09	-3.064805e-09	-4.224803e+01	-8.863594e+02
8.700000e-07	-7.964242e-09	-3.057680e-09	-4.191808e+01	-8.842823e+02
8.800000e-07	-7.901104e-09	-3.050292e-09	-4.158562e+01	-8.821445e+02
8.900000e-07	-7.837466e-09	-3.042377e-09	-4.125049e+01	-8.798712e+02
9.000000e-07	-7.773318e-09	-3.034635e-09	-4.091270e+01	-8.776412e+02
9.100000e-07	-7.708624e-09	-3.027105e-09	-4.057204e+01	-8.754577e+02
9.200000e-07	-7.643325e-09	-3.018893e-09	-4.022827e+01	-8.730903e+02
9.300000e-07	-7.577397e-09	-3.010114e-09	-3.988131e+01	-8.705662e+02
9.400000e-07	-7.510848e-09	-3.001461e-09	-3.953105e+01	-8.680516e+02
9.500000e-07	-7.443696e-09	-2.992830e-09	-3.917758e+01	-8.655250e+02
9.600000e-07	-7.375981e-09	-2.983808e-09	-3.882111e+01	-8.628983e+02
9.700000e-07	-7.307771e-09	-2.974792e-09	-3.846198e+01	-8.602987e+02
9.800000e-07	-7.239109e-09	-2.965954e-09	-3.810042e+01	-8.577688e+02
9.900000e-07	-7.169977e-09	-2.957040e-09	-3.773638e+01	-8.552282e+02
1.000000e-06	-7.100357e-09	-2.948206e-09	-3.736984e+01	-8.527019e+02
1.010000e-06	-7.030257e-09	-2.939217e-09	-3.700081e+01	-8.500965e+02
1.020000e-06	-6.959706e-09	-2.929387e-09	-3.662941e+01	-8.472392e+02
1.030000e-06	-6.888748e-09	-2.919113e-09	-3.625587e+01	-8.442735e+02
1.040000e-06	-6.817358e-09	-2.909230e-09	-3.588000e+01	-8.414252e+02
1.050000e-06	-6.745462e-09	-2.899762e-09	-3.550150e+01	-8.386811e+02
1.060000e-06	-6.673015e-09	-2.890037e-09	-3.512009e+01	-8.358621e+02
1.070000e-06	-6.600002e-09	-2.879844e-09	-3.473572e+01	-8.329323e+02
1.080000e-06	-6.526427e-09	-2.869809e-09	-3.434846e+01	-8.300668e+02
1.090000e-06	-6.452275e-09	-2.859879e-09	-3.395825e+01	-8.272305e+02
1.100000e-06	-6.377520e-09	-2.849665e-09	-3.356493e+01	-8.242936e+02
1.110000e-06	-6.302180e-09	-2.839024e-09	-3.316850e+01	-8.212106e+02
1.120000e-06	-6.226317e-09	-2.827692e-09	-3.276924e+01	-8.179179e+02
1.130000e-06	-6.149983e-09	-2.816106e-09	-3.236739e+01	-8.145721e+02
1.140000e-06	-6.073219e-09	-2.805066e-09	-3.196326e+01	-8.113951e+02
1.150000e-06	-5.996010e-09	-2.794576e-09	-3.155683e+01	-8.083670e+02
1.160000e-06	-5.918327e-09	-2.783912e-09	-3.114796e+01	-8.052928e+02
1.170000e-06	-5.840178e-09	-2.772413e-09	-3.073662e+01	-8.019854e+02
1.180000e-06	-5.761557e-09	-2.760102e-09	-3.032277e+01	-7.984518e+02
1.190000e-06	-5.682464e-09	-2.747572e-09	-2.990641e+01	-7.948541e+02
1.200000e-06	-5.602907e-09	-2.735257e-09	-2.948762e+01	-7.913033e+02
1.210000e-06	-5.522845e-09	-2.723174e-09	-2.906623e+01	-7.878104e+02
1.220000e-06	-5.442288e-09	-2.710938e-09	-2.864219e+01	-7.842731e+02
1.230000e-06	-5.361299e-09	-2.697917e-09	-2.821582e+01	-7.805221e+02
1.240000e-06	-5.279882e-09	-2.684505e-09	-2.778718e+01	-7.766714e+02
1.250000e-06	-5.198098e-09	-2.671425e-09	-2.735660e+01	-7.729057e+02
1.260000e-06	-5.116027e-09	-2.658695e-09	-2.692444e+01	-7.692203e+02
1.270000e-06	-5.033667e-09	-2.645746e-09	-2.649074e+01	-7.654684e+02
1.280000e-06	-4.951026e-09	-2.631700e-09	-2.605560e+01	-7.614145e+02
1.290000e-06	-4.868140e-09	-2.616925e-09	-2.561920e+01	-7.571639e+02
1.300000e-06	-4.785009e-09	-2.602431e-09	-2.518151e+01	-7.529840e+02
1.310000e-06	-4.701578e-09	-2.587616e-09	-2.474227e+01	-7.487104e+02
1.320000e-06	-4.617834e-09	-2.571706e-09	-2.430142e+01	-7.441339e+02
1.330000e-06	-4.533795e-09	-2.555357e-09	-2.385897e+01	-7.394312e+02
1.340000e-06	-4.449460e-09	-2.539557e-09	-2.341493e+01	-7.348872e+02
1.350000e-06	-4.364827e-09	-2.524632e-09	-2.296935e+01	-7.305743e+02
1.360000e-06	-4.279900e-09	-2.510317e-09	-2.252227e+01	-7.263996e+02
1.370000e-06	-4.194693e-09	-2.495305e-09	-2.207368e+01	-7.220247e+02
1.380000e-06	-4.109209e-09	-2.478235e-09	-2.162361e+01	-7.170866e+02
1.390000e-06	-4.023461e-09	-2.459869e-09	-2.117218e+01	-7.117972e+02
1.400000e-06	-3.937457e-09	-2.441843e-09	-2.071942e+01	-7.066022e+02
1.410000e-06	-3.851204e-09	-2.424587e-09	-2.026536e+01	-7.016199e+02
1.420000e-06	-3.764734e-09	-2.407544e-09	-1.981016e+01	-6.966880e+02
1.430000e-06	-3.678066e-09	-2.390081e-09	-1.935388e+01	-6.916284e+02
1.440000e-06	-3.591203e-09	-2.372032e-09	-1.889654e+01	-6.864128e+02
1.450000e-06	-3.504135e-09	-2.353872e-09	-1.843815e+01	-6.811624e+02
1.460000e-06	-3.416859e-09	-2.335866e-09	-1.797869e+01	-6.759380e+02
1.470000e-06	-3.329347e-09	-2.317262e-09	-1.751805e+01	-6.705451e+02
1.480000e-06	-3.241564e-09	-2.297413e-09	-1.705601e+01	-6.648172e+02
1.490000e-06	-3.153500e-09	-2.276890e-09	-1.659246e+01	-6.589025e+02
1.500000e-06	-3.065131e-09	-2.256525e-09	-1.612730e+01	-6.530268e+02
1.510000e-06	-2.976476e-09	-2.236479e-09	-1.566065e+01	-6.472389e+02
1.520000e-06	-2.887570e-09	-2.216618e-09	-1.519266e+01	-6.414864e+02
1.530000e-06	-2.798449e-09	-2.196498e-09	-1.472349e+01	-6.356501e+02
1.540000e-06	-2.709152e-09	-2.175567e-09	-1.425336e+01	-6.296033e+02
1.550000e-06	-2.619702e-09	-2.154003e-09	-1.378243e+01	-6.233840e+02
1.560000e-06	-2.530096e-09	-2.132261e-09	-1.331071e+01	-6.171003e+02
1.570000e-06	-2.440330e-09	-2.110330e-09	-1.283815e+01	-6.107555e+02
1.580000e-06	-2.350404e-09	-2.087957e-09	-1.236478e+01	-6.042833e+02
1.590000e-06	-2.260326e-09	-2.065217e-09	-1.189065e+01	-5.977130e+02
1.600000e-06	-2.170091e-09	-2.042518e-09	-1.141571e+01	-5.911577e+02
1.610000e-06	-2.079677e-09	-2.019955e-09	-1.093983e+01	-5.846325e+02
1.620000e-06	-1.989075e-09	-1.997205e-09	-1.046298e+01	-5.780433e+02
1.630000e-06	-1.898287e-09	-1.973816e-09	-9.985198e+00	-5.712703e+02
1.640000e-06	-1.807323e-09	-1.949492e-09	-9.506491e+00	-5.642441e+02
1.650000e-06	-1.716176e-09	-1.924459e-09	-9.026807e+00	-5.570191e+02
1.660000e-06	-1.624873e-09	-1.899321e-09	-8.546337e+00	-5.497524e+02
1.670000e-06	-1.533435e-09	-1.874077e-09	-8.065138e+00	-5.424531e+02
1.680000e-06	-1.441889e-09	-1.848083e-09	-7.583327e+00	-5.349467e+02
1.690000e-06	-1.350259e-09	-1.821416e-09	-7.101081e+00	-5.272542e+02
1.700000e-06	-1.258557e-09	-1.794708e-09	-6.618433e+00	-5.195444e+02
1.710000e-06	-1.166794e-09	-1.767875e-09	-6.135398e+00	-5.117793e+02
1.720000e-06	-1.074938e-09	-1.740120e-09	-5.651888e+00	-5.037411e+02
1.730000e-06	-9.829772e-10	-1.711110e-09	-5.167866e+00	-4.953575e+02
1.740000e-06	-8.909361e-10	-1.681464e-09	-4.683350e+00	-4.867986e+02
1.750000e-06	-7.987993e-10	-1.651757e-09	-4.198309e+00	-4.782087e+02
1.760000e-06	-7.065721e-10	-1.621823e-09	-3.712829e+00	-4.695423e+02
1.770000e-06	-6.142804e-10	-1.591006e-09	-3.227007e+00	-4.606190e+02
1.780000e-06	-5.219346e-10	-1.558957e-09	-2.740875e+00	-4.513487e+02
1.790000e-06	-4.295468e-10	-1.526021e-09	-2.254492e+00	-4.418410e+02
1.800000e-06	-3.371292e-10	-1.492876e-09	-1.767924e+00	-4.322698e+02
1.810000e-06	-2.446945e-10	-1.459654e-09	-1.281307e+00	-4.226510e+02
1.820000e-06	-1.522620e-10	-1.425763e-09	-7.947621e-01	-4.128365e+02
1.830000e-06	-5.986371e-11	-1.390872e-09	-3.083874e-01	-4.027445e+02
1.840000e-06	3.250489e-11	-1.355244e-09	1.778524e-01	-3.924504e+02
1.850000e-06	1.248505e-10	-1.319338e-09	6.639913e-01	-3.820794e+02
1.860000e-06	2.171681e-10	-1.283115e-09	1.149984e+00	-3.716086e+02
1.870000e-06	3.094663e-10	-1.246085e-09	1.635875e+00	-3.608988e+02
1.880000e-06	4.017574e-10	-1.208084e-09	2.121749e+00	-3.499085e+02
1.890000e-06	4.940502e-10	-1.169532e-09	2.607616e+00	-3.387571e+02
1.900000e-06	5.863177e-10	-1.130478e-09	3.093335e+00	-3.274535e+02
1.910000e-06	6.785570e-10	-1.090207e-09	3.578883e+00	-3.158018e+02
1.920000e-06	7.707648e-10	-1.048371e-09	4.064264e+00	-3.037040e+02
1.930000e-06	8.629268e-10	-1.005252e-09	4.549408e+00	-2.912248e+02
1.940000e-06	9.550354e-10	-9.610255e-10	5.034266e+00	-2.784274e+02
1.950000e-06	1.047062e-09	-9.157956e-10	5.518683e+00	-2.653392e+02
1.960000e-06	1.138978e-09	-8.698667e-10	6.002492e+00	-2.520262e+02
1.970000e-06	1.230766e-09	-8.232122e-10	6.485611e+00	-2.384942e+02
1.980000e-06	1.322430e-09	-7.754832e-10	6.968041e+00	-2.246633e+02
1.990000e-06	1.413968e-09	-7.266627e-10	7.449805e+00	-2.105308e+02
2.000000e-06	1.505379e-09	-6.766512e-10	7.930927e+00	-1.960604e+02
2.010000e-06	1.596670e-09	-6.251550e-10	8.411427e+00	-1.811578e+02
2.020000e-06	1.687852e-09	-5.720527e-10	8.891301e+00	-1.657752e+02
2.030000e-06	1.778911e-09	-5.171515e-10	9.370526e+00	-1.498632e+02
2.040000e-06	1.869837e-09	-4.606819e-10	9.849054e+00	-1.334820e+02
2.050000e-06	1.960621e-09	-4.032495e-10	1.032685e+01	-1.168071e+02
2.060000e-06	2.051264e-09	-3.446517e-10	1.080389e+01	-9.979543e+01
2.070000e-06	2.141758e-09	-2.841233e-10	1.128015e+01	-8.222377e+01
2.080000e-06	2.232080e-09	-2.215975e-10	1.175558e+01	-6.408675e+01
2.090000e-06	2.322227e-09	-1.575342e-10	1.223009e+01	-4.552093e+01
2.100000e-06	2.412187e-09	-9.221528e-11	1.270368e+01	-2.659633e+01
2.110000e-06	2.501940e-09	-2.579751e-11	1.317621e+01	-7.347755e+00
2.120000e-06	2.591466e-09	4.159994e-11	1.364751e+01	1.219629e+01
2.130000e-06	2.680759e-09	1.094876e-10	1.411755e+01	3.188645e+01
2.140000e-06	2.769847e-09	1.773029e-10	1.458648e+01	5.155419e+01
2.150000e-06	2.858739e-09	2.451266e-10	1.505439e+01	7.123617e+01
2.160000e-06	2.947428e-09	3.134165e-10	1.552123e+01	9.106006e+01
2.170000e-06	3.035904e-09	3.824542e-10	1.598692e+01	1.110857e+02
2.180000e-06	3.124163e-09	4.522009e-10	1.645146e+01	1.312984e+02
2.190000e-06	3.212190e-09	5.221314e-10	1.691480e+01	1.515442e+02
2.200000e-06	3.299969e-09	5.913424e-10	1.737683e+01	1.715829e+02
2.210000e-06	3.387502e-09	6.591128e-10	1.783756e+01	1.912212e+02
2.220000e-06	3.474790e-09	7.253712e-10	1.829702e+01	2.104250e+02
2.230000e-06	3.561816e-09	7.907447e-10	1.875515e+01	2.293625e+02
2.240000e-06	3.648579e-09	8.554853e-10	1.921190e+01	2.481002e+02
2.250000e-06	3.735100e-09	9.192628e-10	1.966740e+01	2.665533e+02
2.260000e-06	3.821370e-09	9.820535e-10	2.012150e+01	2.847326e+02
2.270000e-06	3.907372e-09	1.044007e-09	2.057417e+01	3.026699e+02
2.280000e-06	3.993120e-09	1.104924e-09	2.102554e+01	3.202907e+02
2.290000e-06	4.078621e-09	1.164330e-09	2.147564e+01	3.374837e+02
2.300000e-06	4.163890e-09	1.221754e-09	2.192455e+01	3.541192e+02
2.310000e-06	4.248936e-09	1.277070e-09	2.237226e+01	3.701445e+02
2.320000e-06	4.333744e-09	1.330681e-09	2.281870e+01	3.856763e+02
2.330000e-06	4.418317e-09	1.382991e-09	2.326397e+01	4.008159e+02
2.340000e-06	4.502633e-09	1.434163e-09	2.370790e+01	4.156019e+02
2.350000e-06	4.586643e-09	1.484451e-09	2.415018e+01	4.301139e+02
2.360000e-06	4.670303e-09	1.533771e-09	2.459055e+01	4.443421e+02
2.370000e-06	4.753598e-09	1.581846e-09	2.502902e+01	4.582220e+02
2.380000e-06	4.836568e-09	1.628822e-09	2.546579e+01	4.717949e+02
2.390000e-06	4.919206e-09	1.674650e-09	2.590081e+01	4.850401e+02
2.400000e-06	5.001501e-09	1.718885e-09	2.633406e+01	4.978254e+02
2.410000e-06	5.083489e-09	1.761548e-09	2.676567e+01	5.101533e+02
2.420000e-06	5.165140e-09	1.803061e-09	2.719548e+01	5.221410e+02
2.430000e-06	5.246441e-09	1.843639e-09	2.762343e+01	5.338419e+02
2.440000e-06	5.327388e-09	1.883082e-09	2.804952e+01	5.452117e+02
2.450000e-06	5.407951e-09	1.921214e-09	2.847356e+01	5.562081e+02
2.460000e-06	5.488095e-09	1.958256e-09	2.889543e+01	5.668931e+02
2.470000e-06	5.567820e-09	1.994623e-09	2.931506e+01	5.773968e+02
2.480000e-06	5.647112e-09	2.030621e-09	2.973242e+01	5.877902e+02
2.490000e-06	5.725954e-09	2.065908e-09	3.014742e+01	5.979700e+02
2.500000e-06	5.804337e-09	2.100100e-09	3.055997e+01	6.078379e+02
2.510000e-06	5.882244e-09	2.133445e-09	3.096998e+01	6.174557e+02
2.520000e-06	5.959688e-09	2.166029e-09	3.137761e+01	6.268434e+02
2.530000e-06	6.036696e-09	2.197704e-09	3.178291e+01	6.359613e+02
2.540000e-06	6.113275e-09	2.228227e-09	3.218592e+01	6.447500e+02
2.550000e-06	6.189406e-09	2.257306e-09	3.258657e+01	6.531330e+02
2.560000e-06	6.265045e-09	2.285408e-09	3.298458e+01	6.612483e+02
2.570000e-06	6.340133e-09	2.313410e-09	3.337967e+01	6.693376e+02
2.580000e-06	6.414683e-09	2.341226e-09	3.377197e+01	6.773588e+02
2.590000e-06	6.488716e-09	2.368226e-09	3.416157e+01	6.851274e+02
2.600000e-06	6.562214e-09	2.394222e-09	3.454838e+01	6.926030e+02
2.610000e-06	6.635166e-09	2.419152e-09	3.493231e+01	6.997816e+02
2.620000e-06	6.707580e-09	2.443310e-09	3.531341e+01	7.067467e+02
2.630000e-06	6.779472e-09	2.467223e-09	3.569174e+01	7.136446e+02
2.640000e-06	6.850854e-09	2.490795e-09	3.606744e+01	7.204421e+02
2.650000e-06	6.921762e-09	2.513522e-09	3.644065e+01	7.270005e+02
2.660000e-06	6.992195e-09	2.535521e-09	3.681137e+01	7.333487e+02
2.670000e-06	7.062123e-09	2.557546e-09	3.717947e+01	7.396902e+02
2.680000e-06	7.131549e-09	2.579177e-09	3.754491e+01	7.459130e+02
2.690000e-06	7.200506e-09	2.599757e-09	3.790793e+01	7.518361e+02
2.700000e-06	7.269026e-09	2.619821e-09	3.826870e+01	7.576201e+02
2.710000e-06	7.337107e-09	2.639838e-09	3.862711e+01	7.633980e+02
2.720000e-06	7.404716e-09	2.659672e-09	3.898299e+01	7.691258e+02
2.730000e-06	7.471790e-09	2.678885e-09	3.933602e+01	7.746772e+02
2.740000e-06	7.538263e-09	2.697529e-09	3.968583e+01	7.800565e+02
2.750000e-06	7.604102e-09	2.715653e-09	4.003227e+01	7.852737e+02
2.760000e-06	7.669303e-09	2.733149e-09	4.037534e+01	7.903135e+02
2.770000e-06	7.733888e-09	2.750358e-09	4.071517e+01	7.952732e+02
2.780000e-06	7.797896e-09	2.767333e-09	4.105202e+01	8.001593e+02
2.790000e-06	7.861374e-09	2.783840e-09	4.138611e+01	8.049142e+02
2.800000e-06	7.924343e-09	2.799709e-09	4.171755e+01	8.094896e+02
2.810000e-06	7.986805e-09	2.814704e-09	4.204634e+01	8.138364e+02
2.820000e-06	8.048765e-09	2.829066e-09	4.237246e+01	8.180104e+02
2.830000e-06	8.110217e-09	2.843401e-09	4.269589e+01	8.221403e+02
2.840000e-06	8.171175e-09	2.857786e-09	4.301675e+01	8.262578e+02
2.850000e-06	8.231645e-09	2.871676e-09	4.333510e+01	8.302407e+02
2.860000e-06	8.291618e-09	2.884847e-09	4.365082e+01	8.340389e+02
2.870000e-06	8.351064e-09	2.897629e-09	4.396368e+01	8.377431e+02
2.880000e-06	8.409875e-09	2.910124e-09	4.427313e+01	8.413662e+02
2.890000e-06	8.467924e-09	2.922321e-09	4.457857e+01	8.448806e+02
2.900000e-06	8.525184e-09	2.934268e-09	4.487988e+01	8.483100e+02
2.910000e-06	8.581718e-09	2.945661e-09	4.517739e+01	8.516015e+02
2.920000e-06	8.637609e-09	2.956316e-09	4.547155e+01	8.547000e+02
2.930000e-06	8.692919e-09	2.966948e-09	4.576269e+01	8.577827e+02
2.940000e-06	8.747669e-09	2.978097e-09	4.605086e+01	8.609895e+02
2.950000e-06	8.801841e-09	2.989206e-09	4.633598e+01	8.641711e+02
2.960000e-06	8.855426e-09	2.999486e-09	4.661802e+01	8.671220e+02
2.970000e-06	8.908406e-09	3.008937e-09	4.689685e+01	8.698395e+02
2.980000e-06	8.960728e-09	3.018367e-09	4.717221e+01	8.725440e+02
2.990000e-06	9.012335e-09	3.028190e-09	4.744377e+01	8.753623e+02
3.000000e-06	9.063140e-09	3.038045e-09	4.771105e+01	8.782061e+02
3.010000e-06	9.113040e-09	3.047492e-09	4.797363e+01	8.809469e+02
3.020000e-06	9.162072e-09	3.056696e-09	4.823169e+01	8.836107e+02
3.030000e-06	9.210359e-09	3.066291e-09	4.848587e+01	8.863623e+02
3.040000e-06	9.258015e-09	3.076276e-09	4.873676e+01	8.892047e+02
3.050000e-06	9.305072e-09	3.085918e-09	4.898452e+01	8.919457e+02
3.060000e-06	9.351481e-09	3.094449e-09	4.922892e+01	8.943813e+02
3.070000e-06	9.397225e-09	3.101948e-09	4.946976e+01	8.965530e+02
3.080000e-06	9.442312e-09	3.109352e-09	4.970714e+01	8.987088e+02
3.090000e-06	9.486801e-09	3.117442e-09	4.994140e+01	9.010370e+02
3.100000e-06	9.530765e-09	3.126080e-09	5.017292e+01	9.035111e+02
3.110000e-06	9.574210e-09	3.134451e-09	5.040175e+01	9.059192e+02
3.120000e-06	9.616983e-09	3.142389e-09	5.062699e+01	9.082086e+02
3.130000e-06	9.658878e-09	3.150042e-09	5.084748e+01	9.104067e+02
3.140000e-06	9.699858e-09	3.157443e-09	5.106311e+01	9.125259e+02
3.150000e-06	9.740074e-09	3.164760e-09	5.127478e+01	9.146212e+02
3.160000e-06	9.779681e-09	3.171674e-09	5.148331e+01	9.166015e+02
3.170000e-06	9.818689e-09	3.178137e-09	5.168867e+01	9.184552e+02
3.180000e-06	9.857025e-09	3.184942e-09	5.189048e+01	9.204106e+02
3.190000e-06	9.894652e-09	3.192483e-09	5.208855e+01	9.225693e+02
3.200000e-06	9.931568e-09	3.199997e-09	5.228287e+01	9.247252e+02
3.210000e-06	9.967854e-09	3.206558e-09	5.247391e+01	9.266298e+02
3.220000e-06	1.000359e-08	3.212043e-09	5.266210e+01	9.282416e+02
3.230000e-06	1.003870e-08	3.216988e-09	5.284693e+01	9.297050e+02
3.240000e-06	1.007297e-08	3.222331e-09	5.302722e+01	9.312605e+02
3.250000e-06	1.010627e-08	3.228529e-09	5.320245e+01	9.330203e+02
3.260000e-06	1.013874e-08	3.235097e-09	5.337335e+01	9.348631e+02
3.270000e-06	1.017056e-08	3.241345e-09	5.354090e+01	9.366260e+02
3.280000e-06	1.020176e-08	3.246921e-09	5.370520e+01	9.382242e+02
3.290000e-06	1.023229e-08	3.251875e-09	5.386592e+01	9.396686e+02
3.300000e-06	1.026211e-08	3.256557e-09	5.402288e+01	9.410457e+02
3.310000e-06	1.029121e-08	3.261181e-09	5.417599e+01	9.424008e+02
3.320000e-06	1.031964e-08	3.265735e-09	5.432565e+01	9.437274e+02
3.330000e-06	1.034752e-08	3.270465e-09	5.447249e+01	9.450890e+02
3.340000e-06	1.037480e-08	3.275597e-09	5.461607e+01	9.465463e+02
3.350000e-06	1.040118e-08	3.280948e-09	5.475478e+01	9.480644e+02
3.360000e-06	1.042648e-08	3.285936e-09	5.488778e+01	9.494898e+02
3.370000e-06	1.045086e-08	3.289965e-09	5.501606e+01	9.506616e+02
3.380000e-06	1.047454e-08	3.293257e-09	5.514072e+01	9.516361e+02
3.390000e-06	1.049757e-08	3.296613e-09	5.526187e+01	9.526218e+02
3.400000e-06	1.051988e-08	3.300379e-09	5.537928e+01	9.537139e+02
3.410000e-06	1.054150e-08	3.304250e-09	5.549305e+01	9.548292e+02
3.420000e-06	1.056240e-08	3.307772e-09	5.560311e+01	9.558408e+02
3.430000e-06	1.058265e-08	3.310820e-09	5.570971e+01	9.567182e+02
3.440000e-06	1.060236e-08	3.313702e-09	5.581348e+01	9.575687e+02
3.450000e-06	1.062143e-08	3.316836e-09	5.591388e+01	9.584946e+02
3.460000e-06	1.063967e-08	3.320119e-09	5.600994e+01	9.594452e+02
3.470000e-06	1.065709e-08	3.322862e-09	5.610168e+01	9.602383e+02
3.480000e-06	1.067377e-08	3.325053e-09	5.618953e+01	9.608666e+02
3.490000e-06	1.068965e-08	3.327289e-09	5.627317e+01	9.615043e+02
3.500000e-06	1.070465e-08	3.329583e-09	5.635202e+01	9.621729e+02
3.510000e-06	1.071881e-08	3.331712e-09	5.642643e+01	9.628011e+02
3.520000e-06	1.073218e-08	3.333629e-09	5.649680e+01	9.633737e+02
3.530000e-06	1.074480e-08	3.335421e-09	5.656321e+01	9.639147e+02
3.540000e-06	1.075668e-08	3.337152e-09	5.662576e+01	9.644321e+02
3.550000e-06	1.076772e-08	3.338847e-09	5.668385e+01	9.649290e+02
3.560000e-06	1.077769e-08	3.340485e-09	5.673629e+01	9.653948e+02
3.570000e-06	1.078658e-08	3.341602e-09	5.678301e+01	9.657107e+02
3.580000e-06	1.079465e-08	3.341855e-09	5.682547e+01	9.658013e+02
3.590000e-06	1.080208e-08	3.342171e-09	5.686457e+01	9.659141e+02
3.600000e-06	1.080881e-08	3.343513e-09	5.690003e+01	9.663056e+02
3.610000e-06	1.081478e-08	3.345187e-09	5.693146e+01	9.667813e+02
3.620000e-06	1.081999e-08	3.346257e-09	5.695880e+01	9.670718e+02
3.630000e-06	1.082448e-08	3.346771e-09	5.698239e+01	9.671982e+02
3.640000e-06	1.082838e-08	3.347113e-09	5.700297e+01	9.672854e+02
3.650000e-06	1.083166e-08	3.347268e-09	5.702025e+01	9.673428e+02
3.660000e-06	1.083402e-08	3.347198e-09	5.703261e+01	9.673507e+02
3.670000e-06	1.083533e-08	3.346912e-09	5.703936e+01	9.672921e+02
3.680000e-06	1.083576e-08	3.346299e-09	5.704150e+01	9.671230e+02
3.690000e-06	1.083552e-08	3.345980e-09	5.704025e+01	9.670151e+02
3.700000e-06	1.083465e-08	3.346557e-09	5.703568e+01	9.671536e+02
3.710000e-06	1.083308e-08	3.347599e-09	5.702741e+01	9.674269e+02
3.720000e-06	1.083082e-08	3.348626e-09	5.701551e+01	9.677050e+02
3.730000e-06	1.082784e-08	3.348667e-09	5.699986e+01	9.677195e+02
3.740000e-06	1.082422e-08	3.347104e-09	5.698080e+01	9.672961e+02
3.750000e-06	1.082010e-08	3.344946e-09	5.695915e+01	9.667158e+02
3.760000e-06	1.081545e-08	3.339933e-09	5.693461e+01	9.653234e+02
3.770000e-06	1.080996e-08	3.332359e-09	5.690562e+01	9.632410e+02
3.780000e-06	1.080339e-08	3.342549e-09	5.687089e+01	9.661421e+02
3.790000e-06	1.079557e-08	3.373553e-09	5.682970e+01	9.746496e+02
3.800000e-06	1.078642e-08	3.377019e-09	5.678147e+01	9.752906e+02
3.810000e-06	1.077616e-08	3.324801e-09	5.672729e+01	9.606562e+02
3.820000e-06	1.076547e-08	3.285270e-09	5.667091e+01	9.500327e+02
3.830000e-06	1.075473e-08	3.329147e-09	5.661446e+01	9.625111e+02
3.840000e-06	1.074341e-08	3.379872e-09	5.655485e+01	9.761246e+02
3.850000e-06	1.073090e-08	3.342128e-09	5.648888e+01	9.653063e+02
3.860000e-06	1.071744e-08	3.302216e-09	5.641799e+01	9.546753e+02
3.870000e-06	1.070340e-08	3.345579e-09	5.634405e+01	9.667655e+02
3.880000e-06	1.068848e-08	3.367438e-09	5.626543e+01	9.721688e+02
3.890000e-06	1.067252e-08	3.313158e-09	5.618134e+01	9.571095e+02
3.900000e-06	1.065590e-08	3.305136e-09	5.609381e+01	9.556244e+02
3.910000e-06	1.063872e-08	3.355028e-09	5.600336e+01	9.694033e+02
3.920000e-06	1.062072e-08	3.334897e-09	5.590850e+01	9.634094e+02
3.930000e-06	1.060189e-08	3.285995e-09	5.580927e+01	9.501709e+02
3.940000e-06	1.058246e-08	3.313440e-09	5.570688e+01	9.578475e+02
3.950000e-06	1.056233e-08	3.329519e-09	5.560085e+01	9.617762e+02
3.960000e-06	1.054127e-08	3.280563e-09	5.548991e+01	9.483494e+02
3.970000e-06	1.051926e-08	3.283709e-09	5.537396e+01	9.498982e+02
3.980000e-06	1.049637e-08	3.331638e-09	5.525337e+01	9.631700e+02
3.990000e-06	1.047269e-08	3.314040e-09	5.512866e+01	9.581333e+02
4.000000e-06	1.044835e-08	3.298833e-09	5.500055e+01	9.542862e+02
4.010000e-06	1.042334e-08	3.343911e-09	5.486887e+01	9.666816e+02
4.020000e-06	1.039759e-08	3.339134e-09	5.473325e+01	9.649027e+02
4.030000e-06	1.037111e-08	3.296112e-09	5.459386e+01	9.531400e+02
4.040000e-06	1.034396e-08	3.317102e-09	5.445097e+01	9.590813e+02
4.050000e-06	1.031619e-08	3.327469e-09	5.430484e+01	9.615987e+02
4.060000e-06	1.028785e-08	3.285981e-09	5.415563e+01	9.501954e+02
4.070000e-06	1.025874e-08	3.294601e-09	5.400232e+01	9.529057e+02
4.080000e-06	1.022860e-08	3.315706e-09	5.384356e+01	9.585250e+02
4.090000e-06	1.019745e-08	3.284401e-09	5.367957e+01	9.498658e+02
4.100000e-06	1.016547e-08	3.283835e-09	5.351120e+01	9.500699e+02
4.110000e-06	1.013276e-08	3.303718e-09	5.333898e+01	9.554516e+02
4.120000e-06	1.009940e-08	3.282518e-09	5.316335e+01	9.493537e+02
4.130000e-06	1.006543e-08	3.274746e-09	5.298446e+01	9.473688e+02
4.140000e-06	1.003081e-08	3.286515e-09	5.280211e+01	9.507391e+02
4.150000e-06	9.995573e-09	3.282355e-09	5.261656e+01	9.493181e+02
4.160000e-06	9.959773e-09	3.282531e-09	5.242805e+01	9.492503e+02
4.170000e-06	9.923327e-09	3.279849e-09	5.223614e+01	9.487162e+02
4.180000e-06	9.886080e-09	3.267450e-09	5.204002e+01	9.451573e+02
4.190000e-06	9.847924e-09	3.267062e-09	5.183912e+01	9.448454e+02
4.200000e-06	9.808863e-09	3.265015e-09	5.163346e+01	9.444792e+02
4.210000e-06	9.769031e-09	3.256435e-09	5.142373e+01	9.420664e+02
4.220000e-06	9.728569e-09	3.257853e-09	5.121066e+01	9.422089e+02
4.230000e-06	9.687477e-09	3.256599e-09	5.099427e+01	9.419845e+02
4.240000e-06	9.645667e-09	3.246985e-09	5.077412e+01	9.393099e+02
4.250000e-06	9.603126e-09	3.241361e-09	5.055012e+01	9.374854e+02
4.260000e-06	9.559942e-09	3.237990e-09	5.032272e+01	9.365995e+02
4.270000e-06	9.516220e-09	3.232911e-09	5.009253e+01	9.352448e+02
4.280000e-06	9.472007e-09	3.226753e-09	4.985975e+01	9.333658e+02
4.290000e-06	9.427246e-09	3.222231e-09	4.962406e+01	9.320851e+02
4.300000e-06	9.381831e-09	3.220765e-09	4.938486e+01	9.316820e+02
4.310000e-06	9.335703e-09	3.215804e-09	4.914186e+01	9.301706e+02
4.320000e-06	9.288893e-09	3.206692e-09	4.889533e+01	9.275790e+02
4.330000e-06	9.241427e-09	3.200583e-09	4.864541e+01	9.258815e+02
4.340000e-06	9.193251e-09	3.196113e-09	4.839179e+01	9.245729e+02
4.350000e-06	9.144293e-09	3.190501e-09	4.813406e+01	9.229291e+02
4.360000e-06	9.094563e-09	3.187163e-09	4.787227e+01	9.219260e+02
4.370000e-06	9.044127e-09	3.184501e-09	4.760671e+01	9.211084e+02
4.380000e-06	8.993016e-09	3.176620e-09	4.733753e+01	9.188622e+02
4.390000e-06	8.941191e-09	3.167387e-09	4.706463e+01	9.162414e+02
4.400000e-06	8.888589e-09	3.162769e-09	4.678769e+01	9.148875e+02
4.410000e-06	8.835172e-09	3.157471e-09	4.650641e+01	9.133532e+02
4.420000e-06	8.780938e-09	3.148742e-09	4.622081e+01	9.108542e+02
4.430000e-06	8.725979e-09	3.142763e-09	4.593144e+01	9.091078e+02
4.440000e-06	8.670383e-09	3.138915e-09	4.563871e+01	9.079691e+02
4.450000e-06	8.614179e-09	3.131973e-09	4.534276e+01	9.059446e+02
4.460000e-06	8.557403e-09	3.123795e-09	4.504380e+01	9.035723e+02
4.470000e-06	8.500052e-09	3.117050e-09	4.474186e+01	9.016495e+02
4.480000e-06	8.442104e-09	3.109484e-09	4.443677e+01	8.994982e+02
4.490000e-06	8.383554e-09	3.100941e-09	4.412844e+01	8.970453e+02
4.500000e-06	8.324444e-09	3.094606e-09	4.381715e+01	8.951904e+02
4.510000e-06	8.264790e-09	3.088848e-09	4.350302e+01	8.934890e+02
4.520000e-06	8.204566e-09	3.080322e-09	4.318592e+01	8.910313e+02
4.530000e-06	8.143724e-09	3.070930e-09	4.286551e+01	8.883439e+02
4.540000e-06	8.082200e-09	3.062757e-09	4.254150e+01	8.859920e+02
4.550000e-06	8.020002e-09	3.054802e-09	4.221398e+01	8.836956e+02
4.560000e-06	7.957151e-09	3.046832e-09	4.188300e+01	8.813939e+02
4.570000e-06	7.893674e-09	3.039115e-09	4.154878e+01	8.791736e+02
4.580000e-06	7.829639e-09	3.031190e-09	4.121161e+01	8.768923e+02
4.590000e-06	7.765103e-09	3.022778e-09	4.087176e+01	8.744559e+02
4.600000e-06	7.700065e-09	3.014382e-09	4.052931e+01	8.720151e+02
4.610000e-06	7.634516e-09	3.006057e-09	4.018415e+01	8.696028e+02
4.620000e-06	7.568430e-09	2.997245e-09	3.983617e+01	8.670794e+02
4.630000e-06	7.501806e-09	2.988469e-09	3.948535e+01	8.645790e+02
4.640000e-06	7.434689e-09	2.980278e-09	3.913194e+01	8.622294e+02
4.650000e-06	7.367114e-09	2.972014e-09	3.877616e+01	8.598415e+02
4.660000e-06	7.299059e-09	2.963366e-09	3.841783e+01	8.573397e+02
4.670000e-06	7.230449e-09	2.954272e-09	3.805659e+01	8.547092e+02
4.680000e-06	7.161260e-09	2.944282e-09	3.769233e+01	8.518219e+02
4.690000e-06	7.091515e-09	2.933825e-09	3.732518e+01	8.488040e+02
4.700000e-06	7.021231e-09	2.923998e-09	3.695517e+01	8.459567e+02
4.710000e-06	6.950426e-09	2.914484e-09	3.658240e+01	8.432033e+02
4.720000e-06	6.879113e-09	2.904457e-09	3.620695e+01	8.403369e+02
4.730000e-06	6.807285e-09	2.894550e-09	3.582878e+01	8.375126e+02
4.740000e-06	6.734953e-09	2.885176e-09	3.544800e+01	8.348156e+02
4.750000e-06	6.662162e-09	2.875547e-09	3.506485e+01	8.320232e+02
4.760000e-06	6.588955e-09	2.865416e-09	3.467946e+01	8.290830e+02
4.770000e-06	6.515315e-09	2.854880e-09	3.429171e+01	8.260393e+02
4.780000e-06	6.441201e-09	2.843622e-09	3.390147e+01	8.227991e+02
4.790000e-06	6.366606e-09	2.832099e-09	3.350872e+01	8.194834e+02
4.800000e-06	6.291552e-09	2.821080e-09	3.311360e+01	8.162978e+02
4.810000e-06	6.216045e-09	2.810441e-09	3.271613e+01	8.132183e+02
4.820000e-06	6.140067e-09	2.799297e-09	3.231615e+01	8.100240e+02
4.830000e-06	6.063602e-09	2.787228e-09	3.191358e+01	8.065793e+02
4.840000e-06	5.986603e-09	2.774810e-09	3.150821e+01	8.030109e+02
4.850000e-06	5.909070e-09	2.762899e-09	3.110007e+01	7.995517e+02
4.860000e-06	5.831068e-09	2.751550e-09	3.068948e+01	7.962400e+02
4.870000e-06	5.752633e-09	2.739852e-09	3.027655e+01	7.928479e+02
4.880000e-06	5.673727e-09	2.727134e-09	2.986118e+01	7.891949e+02
4.890000e-06	5.594317e-09	2.713793e-09	2.944322e+01	7.853809e+02
4.900000e-06	5.514423e-09	2.700505e-09	2.902271e+01	7.815669e+02
4.910000e-06	5.434077e-09	2.687527e-09	2.859978e+01	7.778170e+02
4.920000e-06	5.353342e-09	2.674485e-09	2.817472e+01	7.740587e+02
4.930000e-06	5.272276e-09	2.660847e-09	2.774792e+01	7.701384e+02
4.940000e-06	5.190885e-09	2.646754e-09	2.731946e+01	7.660766e+02
4.950000e-06	5.109180e-09	2.632967e-09	2.688935e+01	7.620776e+02
4.960000e-06	5.027165e-09	2.619618e-09	2.645762e+01	7.581896e+02
4.970000e-06	4.944832e-09	2.605694e-09	2.602418e+01	7.541630e+02
4.980000e-06	4.862198e-09	2.590664e-09	2.558913e+01	7.498484e+02
4.990000e-06	4.779278e-09	2.575141e-09	2.515258e+01	7.453955e+02
5.000000e-06	4.696077e-09	2.559998e-09	2.471461e+01	7.410262e+02
5.010000e-06	4.612614e-09	2.545479e-09	2.427523e+01	7.368068e+02
5.020000e-06	4.528877e-09	2.531079e-09	2.383435e+01	7.326088e+02
5.030000e-06	4.444795e-09	2.516048e-09	2.339168e+01	7.282455e+02
5.040000e-06	4.360321e-09	2.500189e-09	2.294701e+01	7.236742e+02
5.050000e-06	4.275461e-09	2.484158e-09	2.250031e+01	7.190447e+02
5.060000e-06	4.190245e-09	2.468476e-09	2.205175e+01	7.144914e+02
5.070000e-06	4.104716e-09	2.452606e-09	2.160152e+01	7.098938e+02
5.080000e-06	4.018900e-09	2.435915e-09	2.114976e+01	7.050872e+02
5.090000e-06	3.932819e-09	2.418474e-09	2.069659e+01	7.000808e+02
5.100000e-06	3.846501e-09	2.400893e-09	2.024220e+01	6.950130e+02
5.110000e-06	3.759919e-09	2.383863e-09	1.978646e+01	6.900653e+02
5.120000e-06	3.673035e-09	2.367246e-09	1.932913e+01	6.852316e+02
5.130000e-06	3.585860e-09	2.350178e-09	1.887031e+01	6.802894e+02
5.140000e-06	3.498393e-09	2.332045e-09	1.840999e+01	6.750611e+02
5.150000e-06	3.410624e-09	2.313306e-09	1.794806e+01	6.696608e+02
5.160000e-06	3.322567e-09	2.294924e-09	1.748457e+01	6.643439e+02
5.170000e-06	3.234250e-09	2.276698e-09	1.701965e+01	6.590640e+02
5.180000e-06	3.145695e-09	2.258002e-09	1.655346e+01	6.536572e+02
5.190000e-06	3.056907e-09	2.238766e-09	1.608605e+01	6.481053e+02
5.200000e-06	2.967912e-09	2.219137e-09	1.561757e+01	6.424442e+02
5.210000e-06	2.878744e-09	2.199595e-09	1.514818e+01	6.367975e+02
5.220000e-06	2.789415e-09	2.180333e-09	1.467791e+01	6.312170e+02
5.230000e-06	2.699938e-09	2.160620e-09	1.420684e+01	6.255123e+02
5.240000e-06	2.610329e-09	2.139955e-09	1.373506e+01	6.195593e+02
5.250000e-06	2.520589e-09	2.118782e-09	1.326258e+01	6.134595e+02
5.260000e-06	2.430691e-09	2.097528e-09	1.278934e+01	6.073173e+02
5.270000e-06	2.340620e-09	2.076328e-09	1.231519e+01	6.011833e+02
5.280000e-06	2.250408e-09	2.054777e-09	1.184025e+01	5.949595e+02
5.290000e-06	2.160064e-09	2.031987e-09	1.136463e+01	5.883867e+02
5.300000e-06	2.069559e-09	2.008383e-09	1.088819e+01	5.815723e+02
5.310000e-06	1.978898e-09	1.985202e-09	1.041092e+01	5.748559e+02
5.320000e-06	1.888092e-09	1.962027e-09	9.932876e+00	5.681210e+02
5.330000e-06	1.797148e-09	1.937795e-09	9.454093e+00	5.611079e+02
5.340000e-06	1.706072e-09	1.912626e-09	8.974618e+00	5.538460e+02
5.350000e-06	1.614891e-09	1.887342e-09	8.494606e+00	5.465294e+02
5.360000e-06	1.523643e-09	1.862231e-09	8.014217e+00	5.392515e+02
5.370000e-06	1.432347e-09	1.837057e-09	7.533542e+00	5.319573e+02
5.380000e-06	1.340987e-09	1.811125e-09	7.052548e+00	5.244408e+02
5.390000e-06	1.249545e-09	1.783565e-09	6.571138e+00	5.164701e+02
5.400000e-06	1.158021e-09	1.754792e-09	6.089313e+00	5.081661e+02
5.410000e-06	1.066411e-09	1.725911e-09	5.607067e+00	4.998273e+02
5.420000e-06	9.747192e-10	1.697218e-09	5.124430e+00	4.915338e+02
5.430000e-06	8.829653e-10	1.668606e-09	4.641406e+00	4.832548e+02
5.440000e-06	7.911443e-10	1.639623e-09	4.157954e+00	4.748546e+02
5.450000e-06	6.992323e-10	1.609740e-09	3.674071e+00	4.661820e+02
5.460000e-06	6.072456e-10	1.578951e-09	3.189856e+00	4.572494e+02
5.470000e-06	5.152014e-10	1.547322e-09	2.705344e+00	4.481007e+02
5.480000e-06	4.231023e-10	1.515048e-09	2.220545e+00	4.387951e+02
5.490000e-06	3.309788e-10	1.482327e-09	1.735647e+00	4.293628e+02
5.500000e-06	2.388553e-10	1.449180e-09	1.250723e+00	4.197913e+02
5.510000e-06	1.467378e-10	1.415681e-09	7.657920e-01	4.101031e+02
5.520000e-06	5.464503e-11	1.381681e-09	2.810114e-01	4.002655e+02
5.530000e-06	-3.740813e-11	1.346983e-09	-2.035460e-01	3.902251e+02
5.540000e-06	-1.294386e-10	1.311515e-09	-6.879983e-01	3.799646e+02
5.550000e-06	-2.214641e-10	1.275204e-09	-1.172411e+00	3.694685e+02
5.560000e-06	-3.134849e-10	1.238273e-09	-1.656732e+00	3.587921e+02
5.570000e-06	-4.054978e-10	1.200773e-09	-2.141004e+00	3.479370e+02
5.580000e-06	-4.974910e-10	1.162409e-09	-2.625243e+00	3.368272e+02
5.590000e-06	-5.894571e-10	1.123132e-09	-3.109354e+00	3.254535e+02
5.600000e-06	-6.813986e-10	1.082775e-09	-3.593319e+00	3.137562e+02
5.610000e-06	-7.733003e-10	1.041066e-09	-4.077079e+00	3.016604e+02
5.620000e-06	-8.651345e-10	9.983908e-10	-4.560506e+00	2.893012e+02
5.630000e-06	-9.568926e-10	9.552997e-10	-5.043530e+00	2.768350e+02
5.640000e-06	-1.048568e-09	9.115801e-10	-5.526075e+00	2.641762e+02
5.650000e-06	-1.140145e-09	8.665849e-10	-6.008086e+00	2.511290e+02
5.660000e-06	-1.231610e-09	8.204471e-10	-6.489520e+00	2.377337e+02
5.670000e-06	-1.322955e-09	7.734657e-10	-6.970376e+00	2.240901e+02
5.680000e-06	-1.414177e-09	7.251049e-10	-7.450611e+00	2.100780e+02
5.690000e-06	-1.505296e-09	6.749560e-10	-7.930311e+00	1.955803e+02
5.700000e-06	-1.596327e-09	6.232245e-10	-8.409554e+00	1.806145e+02
5.710000e-06	-1.687283e-09	5.703039e-10	-8.888375e+00	1.652907e+02
5.720000e-06	-1.778163e-09	5.163514e-10	-9.366825e+00	1.496519e+02
5.730000e-06	-1.868939e-09	4.617612e-10	-9.844747e+00	1.337867e+02
5.740000e-06	-1.959600e-09	4.061139e-10	-1.032206e+01	1.175942e+02
5.750000e-06	-2.050143e-09	3.479811e-10	-1.079876e+01	1.006850e+02
5.760000e-06	-2.140549e-09	2.875859e-10	-1.127473e+01	8.312796e+01
5.770000e-06	-2.230810e-09	2.256035e-10	-1.174990e+01	6.514066e+01
5.780000e-06	-2.320910e-09	1.617725e-10	-1.222416e+01	4.666247e+01
5.790000e-06	-2.410822e-09	9.641221e-11	-1.269743e+01	2.776696e+01
5.800000e-06	-2.500540e-09	3.013275e-11	-1.316966e+01	8.590494e+00
5.810000e-06	-2.590064e-09	-3.676998e-11	-1.364090e+01	-1.080688e+01
5.820000e-06	-2.679421e-09	-1.039923e-10	-1.411128e+01	-3.032555e+01
5.830000e-06	-2.768628e-09	-1.711737e-10	-1.458087e+01	-4.984161e+01
5.840000e-06	-2.857666e-09	-2.388415e-10	-1.504961e+01	-6.949908e+01
5.850000e-06	-2.946544e-09	-3.075801e-10	-1.551751e+01	-8.946955e+01
5.860000e-06	-3.035289e-09	-3.769261e-10	-1.598465e+01	-1.096142e+02
5.870000e-06	-3.123852e-09	-4.468822e-10	-1.645085e+01	-1.299056e+02
5.880000e-06	-3.212175e-09	-5.174632e-10	-1.691583e+01	-1.503381e+02
5.890000e-06	-3.300239e-09	-5.877755e-10	-1.737944e+01	-1.706734e+02
5.900000e-06	-3.388035e-09	-6.567272e-10	-1.784162e+01	-1.906246e+02
5.910000e-06	-3.475558e-09	-7.234877e-10	-1.830230e+01	-2.099602e+02
5.920000e-06	-3.562798e-09	-7.882052e-10	-1.876150e+01	-2.287326e+02
5.930000e-06	-3.649739e-09	-8.519142e-10	-1.921918e+01	-2.472199e+02
5.940000e-06	-3.736378e-09	-9.153505e-10	-1.967526e+01	-2.656065e+02
5.950000e-06	-3.822720e-09	-9.784933e-10	-2.012976e+01	-2.838938e+02
5.960000e-06	-3.908768e-09	-1.040885e-09	-2.058272e+01	-3.019539e+02
5.970000e-06	-3.994525e-09	-1.102165e-09	-2.103418e+01	-3.196740e+02
5.980000e-06	-4.080017e-09	-1.162053e-09	-2.148418e+01	-3.369667e+02
5.990000e-06	-4.165230e-09	-1.220246e-09	-2.193270e+01	-3.537682e+02
6.000000e-06	-4.250123e-09	-1.276522e-09	-2.237956e+01	-3.700450e+02
6.010000e-06	-4.334693e-09	-1.331061e-09	-2.282468e+01	-3.858457e+02
6.020000e-06	-4.418937e-09	-1.384165e-09	-2.326805e+01	-4.012279e+02
6.030000e-06	-4.502846e-09	-1.435804e-09	-2.370970e+01	-4.161701e+02
6.040000e-06	-4.586431e-09	-1.485940e-09	-2.414970e+01	-4.306681e+02
6.050000e-06	-4.669702e-09	-1.534669e-09	-2.458807e+01	-4.447480e+02
6.060000e-06	-4.752671e-09	-1.582124e-09	-2.502486e+01	-4.584518e+02
6.070000e-06	-4.835323e-09	-1.628635e-09	-2.545998e+01	-4.718777e+02
6.080000e-06	-4.917640e-09	-1.674590e-09	-2.589328e+01	-4.851194e+02
6.090000e-06	-4.999615e-09	-1.719890e-09	-2.632475e+01	-4.981628e+02
6.100000e-06	-5.081253e-09	-1.763805e-09	-2.675442e+01	-5.108460e+02
6.110000e-06	-5.162572e-09	-1.805595e-09	-2.718243e+01	-5.229549e+02
6.120000e-06	-5.243594e-09	-1.845298e-09	-2.760893e+01	-5.344623e+02
6.130000e-06	-5.324317e-09	-1.883691e-09	-2.803388e+01	-5.455675e+02
6.140000e-06	-5.404726e-09	-1.921418e-09	-2.845716e+01	-5.564494e+02
6.150000e-06	-5.484743e-09	-1.958583e-09	-2.887833e+01	-5.671613e+02
6.160000e-06	-5.564291e-09	-1.995363e-09	-2.929703e+01	-5.777666e+02
6.170000e-06	-5.643360e-09	-2.031730e-09	-2.971320e+01	-5.882367e+02
6.180000e-06	-5.721946e-09	-2.067220e-09	-3.012681e+01	-5.984430e+02
6.190000e-06	-5.800040e-09	-2.101567e-09	-3.053780e+01	-6.083335e+02
6.200000e-06	-5.877626e-09	-2.134575e-09	-3.094609e+01	-6.178645e+02
6.210000e-06	-5.954678e-09	-2.166126e-09	-3.135155e+01	-6.270026e+02
6.220000e-06	-6.031182e-09	-2.196892e-09	-3.175415e+01	-6.359074e+02
6.230000e-06	-6.107164e-09	-2.227818e-09	-3.215404e+01	-6.448175e+02
6.240000e-06	-6.182661e-09	-2.258938e-09	-3.255139e+01	-6.537630e+02
6.250000e-06	-6.257734e-09	-2.289365e-09	-3.294653e+01	-6.625261e+02
6.260000e-06	-6.332396e-09	-2.318253e-09	-3.333951e+01	-6.708744e+02
6.270000e-06	-6.406615e-09	-2.345475e-09	-3.373013e+01	-6.787535e+02
6.280000e-06	-6.480396e-09	-2.371459e-09	-3.411844e+01	-6.862616e+02
6.290000e-06	-6.553761e-09	-2.396836e-09	-3.450459e+01	-6.935763e+02
6.300000e-06	-6.626731e-09	-2.422021e-09	-3.488870e+01	-7.008442e+02
6.310000e-06	-6.699293e-09	-2.446731e-09	-3.527067e+01	-7.079969e+02
6.320000e-06	-6.771417e-09	-2.470632e-09	-3.565035e+01	-7.149104e+02
6.330000e-06	-6.843060e-09	-2.494004e-09	-3.602747e+01	-7.216461e+02
6.340000e-06	-6.914161e-09	-2.516845e-09	-3.640172e+01	-7.282181e+02
6.350000e-06	-6.984690e-09	-2.538742e-09	-3.677302e+01	-7.345270e+02
6.360000e-06	-7.054650e-09	-2.559462e-09	-3.714133e+01	-7.405068e+02
6.370000e-06	-7.124044e-09	-2.579224e-09	-3.750663e+01	-7.462074e+02
6.380000e-06	-7.192877e-09	-2.598827e-09	-3.786895e+01	-7.518448e+02
6.390000e-06	-7.261186e-09	-2.618854e-09	-3.822853e+01	-7.575929e+02
6.400000e-06	-7.329009e-09	-2.638855e-09	-3.858553e+01	-7.633535e+02
6.410000e-06	-7.396367e-09	-2.658079e-09	-3.894010e+01	-7.689211e+02
6.420000e-06	-7.463274e-09	-2.676653e-09	-3.929232e+01	-7.742991e+02
6.430000e-06	-7.529696e-09	-2.694893e-09	-3.964201e+01	-7.795586e+02
6.440000e-06	-7.595593e-09	-2.712628e-09	-3.998894e+01	-7.846546e+02
6.450000e-06	-7.660967e-09	-2.729697e-09	-4.033307e+01	-7.895440e+02
6.460000e-06	-7.725846e-09	-2.746065e-09	-4.067457e+01	-7.942446e+02
6.470000e-06	-7.790229e-09	-2.762149e-09	-4.101347e+01	-7.988892e+02
6.480000e-06	-7.854077e-09	-2.778563e-09	-4.134958e+01	-8.036286e+02
6.490000e-06	-7.917375e-09	-2.795002e-09	-4.168279e+01	-8.083706e+02
6.500000e-06	-7.980063e-09	-2.810814e-09	-4.201282e+01	-8.129444e+02
6.510000e-06	-8.042066e-09	-2.825818e-09	-4.233927e+01	-8.172911e+02
6.520000e-06	-8.103399e-09	-2.839934e-09	-4.266217e+01	-8.213783e+02
6.530000e-06	-8.164128e-09	-2.853612e-09	-4.298189e+01	-8.253310e+02
6.540000e-06	-8.224296e-09	-2.867523e-09	-4.329864e+01	-8.293325e+02
6.550000e-06	-8.283920e-09	-2.881349e-09	-4.361252e+01	-8.333089e+02
6.560000e-06	-8.342996e-09	-2.894539e-09	-4.392358e+01	-8.371182e+02
6.570000e-06	-8.401511e-09	-2.907462e-09	-4.423167e+01	-8.408509e+02
6.580000e-06	-8.459438e-09	-2.920524e-09	-4.453662e+01	-8.446163e+02
6.590000e-06	-8.516753e-09	-2.933259e-09	-4.483835e+01	-8.482814e+02
6.600000e-06	-8.573484e-09	-2.945144e-09	-4.513698e+01	-8.517011e+02
6.610000e-06	-8.629648e-09	-2.956112e-09	-4.543265e+01	-8.548643e+02
6.620000e-06	-8.685212e-09	-2.966299e-09	-4.572517e+01	-8.578057e+02
6.630000e-06	-8.740079e-09	-2.976396e-09	-4.601402e+01	-8.607186e+02
6.640000e-06	-8.794138e-09	-2.987019e-09	-4.629857e+01	-8.637802e+02
6.650000e-06	-8.847397e-09	-2.997555e-09	-4.657890e+01	-8.668122e+02
6.660000e-06	-8.899923e-09	-3.007390e-09	-4.685539e+01	-8.696408e+02
6.670000e-06	-8.951750e-09	-3.016955e-09	-4.712820e+01	-8.723953e+02
6.680000e-06	-9.002919e-09	-3.026638e-09	-4.739755e+01	-8.751754e+02
6.690000e-06	-9.053427e-09	-3.036221e-09	-4.766341e+01	-8.779194e+02
6.700000e-06	-9.103179e-09	-3.045355e-09	-4.792527e+01	-8.805439e+02
6.710000e-06	-9.152079e-09	-3.054029e-09	-4.818259e+01	-8.830408e+02
6.720000e-06	-9.200096e-09	-3.062318e-09	-4.843524e+01	-8.854260e+02
6.730000e-06	-9.247315e-09	-3.070420e-09	-4.868373e+01	-8.877585e+02
6.740000e-06	-9.293877e-09	-3.078649e-09	-4.892881e+01	-8.901239e+02
6.750000e-06	-9.339865e-09	-3.086907e-09	-4.917091e+01	-8.924936e+02
6.760000e-06	-9.385289e-09	-3.095167e-09	-4.941003e+01	-8.948510e+02
6.770000e-06	-9.430132e-09	-3.103436e-09	-4.964604e+01	-8.972077e+02
6.780000e-06	-9.474432e-09	-3.111459e-09	-4.987917e+01	-8.995095e+02
6.790000e-06	-9.518222e-09	-3.118962e-09	-5.010965e+01	-9.016783e+02
6.800000e-06	-9.561476e-09	-3.125537e-09	-5.033733e+01	-9.035893e+02
6.810000e-06	-9.604137e-09	-3.131460e-09	-5.056188e+01	-9.053015e+02
6.820000e-06	-9.646165e-09	-3.137811e-09	-5.078308e+01	-9.071114e+02
6.830000e-06	-9.687527e-09	-3.145075e-09	-5.100076e+01	-9.091656e+02
6.840000e-06	-9.728240e-09	-3.152739e-09	-5.121502e+01	-9.113444e+02
6.850000e-06	-9.768383e-09	-3.159872e-09	-5.142631e+01	-9.134065e+02
6.860000e-06	-9.807914e-09	-3.166280e-09	-5.163437e+01	-9.152770e+02
6.870000e-06	-9.846643e-09	-3.172404e-09	-5.183826e+01	-9.170524e+02
6.880000e-06	-9.884447e-09	-3.178521e-09	-5.203729e+01	-9.188150e+02
6.890000e-06	-9.921364e-09	-3.184752e-09	-5.223157e+01	-9.206092e+02
6.900000e-06	-9.957577e-09	-3.190695e-09	-5.242216e+01	-9.223132e+02
6.910000e-06	-9.993203e-09	-3.196142e-09	-5.260967e+01	-9.238578e+02
6.920000e-06	-1.002818e-08	-3.201697e-09	-5.279378e+01	-9.254268e+02
6.930000e-06	-1.006244e-08	-3.207717e-09	-5.297414e+01	-9.271522e+02
6.940000e-06	-1.009600e-08	-3.213536e-09	-5.315079e+01	-9.288423e+02
6.950000e-06	-1.012889e-08	-3.218270e-09	-5.332387e+01	-9.302330e+02
6.960000e-06	-1.016117e-08	-3.222154e-09	-5.349376e+01	-9.313810e+02
6.970000e-06	-1.019286e-08	-3.226311e-09	-5.366051e+01	-9.325860e+02
6.980000e-06	-1.022374e-08	-3.231484e-09	-5.382304e+01	-9.340531e+02
6.990000e-06	-1.025362e-08	-3.236982e-09	-5.398027e+01	-9.356056e+02
7.000000e-06	-1.028254e-08	-3.241799e-09	-5.413249e+01	-9.369859e+02
7.010000e-06	-1.031075e-08	-3.246122e-09	-5.428091e+01	-9.382381e+02
7.020000e-06	-1.033835e-08	-3.250660e-09	-5.442616e+01	-9.395486e+02
7.030000e-06	-1.036527e-08	-3.255414e-09	-5.456781e+01	-9.409193e+02
7.040000e-06	-1.039142e-08	-3.259485e-09	-5.470543e+01	-9.421051e+02
7.050000e-06	-1.041681e-08	-3.262651e-09	-5.483901e+01	-9.430357e+02
7.060000e-06	-1.044151e-08	-3.265758e-09	-5.496895e+01	-9.439273e+02
7.070000e-06	-1.046567e-08	-3.269533e-09	-5.509601e+01	-9.449998e+02
7.080000e-06	-1.048924e-08	-3.274094e-09	-5.522011e+01	-9.462982e+02
7.090000e-06	-1.051198e-08	-3.278520e-09	-5.533984e+01	-9.475755e+02
7.100000e-06	-1.053369e-08	-3.281785e-09	-5.545403e+01	-9.485479e+02
7.110000e-06	-1.055444e-08	-3.284118e-09	-5.556325e+01	-9.492435e+02
7.120000e-06	-1.057453e-08	-3.286578e-09	-5.566892e+01	-9.499494e+02
7.130000e-06	-1.059401e-08	-3.289871e-09	-5.577138e+01	-9.508761e+02
7.140000e-06	-1.061278e-08	-3.293323e-09	-5.587013e+01	-9.518538e+02
7.150000e-06	-1.063083e-08	-3.296075e-09	-5.596505e+01	-9.526514e+02
7.160000e-06	-1.064817e-08	-3.298285e-09	-5.605619e+01	-9.533047e+02
7.170000e-06	-1.066481e-08	-3.300590e-09	-5.614366e+01	-9.539806e+02
7.180000e-06	-1.068085e-08	-3.303506e-09	-5.622800e+01	-9.548192e+02
7.190000e-06	-1.069618e-08	-3.306470e-09	-5.630867e+01	-9.556785e+02
7.200000e-06	-1.071048e-08	-3.308585e-09	-5.638388e+01	-9.562998e+02
7.210000e-06	-1.072363e-08	-3.309962e-09	-5.645309e+01	-9.567008e+02
7.220000e-06	-1.073588e-08	-3.311459e-09	-5.651753e+01	-9.571199e+02
7.230000e-06	-1.074738e-08	-3.313442e-09	-5.657804e+01	-9.576720e+02
7.240000e-06	-1.075811e-08	-3.315480e-09	-5.663449e+01	-9.582540e+02
7.250000e-06	-1.076810e-08	-3.317157e-09	-5.668698e+01	-9.587400e+02
7.260000e-06	-1.077734e-08	-3.318447e-09	-5.673557e+01	-9.591192e+02
7.270000e-06	-1.078588e-08	-3.319759e-09	-5.678048e+01	-9.595151e+02
7.280000e-06	-1.079386e-08	-3.321306e-09	-5.682237e+01	-9.599787e+02
7.290000e-06	-1.080115e-08	-3.322672e-09	-5.686064e+01	-9.603868e+02
7.300000e-06	-1.080744e-08	-3.323262e-09	-5.689368e+01	-9.605730e+02
7.310000e-06	-1.081265e-08	-3.323200e-09	-5.692109e+01	-9.605595e+02
7.320000e-06	-1.081704e-08	-3.323432e-09	-5.694421e+01	-9.606081e+02
7.330000e-06	-1.082085e-08	-3.324519e-09	-5.696416e+01	-9.608962e+02
7.340000e-06	-1.082400e-08	-3.325936e-09	-5.698063e+01	-9.613001e+02
7.350000e-06	-1.082644e-08	-3.326823e-09	-5.699338e+01	-9.615792e+02
7.360000e-06	-1.082818e-08	-3.327110e-09	-5.700245e+01	-9.616860e+02
7.370000e-06	-1.082913e-08	-3.327596e-09	-5.700733e+01	-9.618232e+02
