# Configuracion:
# Concentracion g/m^3_=_10000.0
# C_Vs_to_Am_M_A/Vsm_=_254322799225.57578
# pendiente_HvsI_1/m_=_3716.3
# ordenada_HvsI_A/m_=_1297.0
# frecuencia_ref_Hz_=_135553.98542774696
# 
Resultados:
# tau_s_=_(2.21+/-0.03)e-07
# dphi_rad_=_6.47+/-0.00
# SAR_W/g_=_892.20+/-9.27
# Hc_kA/m_=_13.32+/-0.13
# Mr_A/m_=_559.23+/-2.83
# Suceptibilidad_a_M=0_=_0.0575+/-0.0005

Nombre_archivo	Time_m	Temperatura_(ºC)	Mr_(A/m)	Hc_(kA/m)	Campo_max_(A/m)	Mag_max_(A/m)	f0	mag0	dphi0	SAR_(W/g)	Tau_(s)	N	xi_M_0
135kHz_150dA_100Mss_Ni0sRD007.txt	29/05/2024 16:13:56	21.7	557.12	13.46	57041.50	1403.35	1.355626e+05	1.165683e+01	6.473233e+00	906.99	2.258639e-07	4426	5.681e-02
135kHz_150dA_100Mss_Ni0sRD008.txt	29/05/2024 16:13:56	21.7	561.06	13.65	57041.50	1382.41	1.355626e+05	1.152586e+01	6.474648e+00	903.39	2.275835e-07	4426	5.593e-02
135kHz_150dA_100Mss_Ni0sRD009.txt	29/05/2024 16:13:57	21.7	561.02	13.59	57041.50	1400.61	1.355626e+05	1.160147e+01	6.472146e+00	897.58	2.245362e-07	4426	5.633e-02
135kHz_150dA_100Mss_Ni0sRD010.txt	29/05/2024 16:13:57	21.7	560.84	13.43	57041.50	1411.66	1.355626e+05	1.172620e+01	6.470909e+00	901.36	2.230329e-07	4426	5.732e-02
135kHz_150dA_100Mss_Ni0sRD011.txt	29/05/2024 16:13:58	21.7	563.32	13.44	57041.50	1410.92	1.355626e+05	1.173789e+01	6.470974e+00	902.57	2.231145e-07	4426	5.734e-02
135kHz_150dA_100Mss_Ni0sRD012.txt	29/05/2024 16:13:58	21.7	562.28	13.39	57041.50	1431.86	1.355626e+05	1.179336e+01	6.469646e+00	900.49	2.215002e-07	4426	5.726e-02
135kHz_150dA_100Mss_Ni0sRD013.txt	29/05/2024 16:13:59	21.7	555.49	13.27	57041.50	1426.50	1.355626e+05	1.174090e+01	6.467821e+00	887.81	2.192803e-07	4426	5.742e-02
135kHz_150dA_100Mss_Ni0sRD014.txt	29/05/2024 16:14:00	21.6	558.83	13.46	57041.50	1405.04	1.355626e+05	1.165481e+01	6.472053e+00	901.26	2.244260e-07	4426	5.659e-02
135kHz_150dA_100Mss_Ni0sRD015.txt	29/05/2024 16:14:00	21.6	561.00	13.35	57041.50	1433.09	1.355626e+05	1.182162e+01	6.467558e+00	892.66	2.189617e-07	4426	5.768e-02
135kHz_150dA_100Mss_Ni0sRD016.txt	29/05/2024 16:14:01	21.7	562.12	13.52	57041.50	1385.77	1.355626e+05	1.157720e+01	6.472608e+00	897.86	2.251033e-07	4426	5.704e-02
135kHz_150dA_100Mss_Ni0sRD017.txt	29/05/2024 16:14:01	21.7	557.95	13.35	57041.50	1412.99	1.355626e+05	1.163344e+01	6.469805e+00	889.03	2.216937e-07	4426	5.763e-02
135kHz_150dA_100Mss_Ni0sRD018.txt	29/05/2024 16:14:02	21.6	560.06	13.38	57041.50	1411.49	1.355320e+05	1.171923e+01	6.470502e+00	898.69	2.225409e-07	4427	5.689e-02
135kHz_150dA_100Mss_Ni0sRD019.txt	29/05/2024 16:14:03	21.7	560.39	13.42	57041.50	1401.80	1.355626e+05	1.165630e+01	6.472684e+00	904.36	2.251976e-07	4426	5.760e-02
135kHz_150dA_100Mss_Ni0sRD020.txt	29/05/2024 16:14:03	21.7	557.50	13.30	57041.50	1413.55	1.355320e+05	1.169152e+01	6.468066e+00	885.04	2.195831e-07	4427	5.720e-02
135kHz_150dA_100Mss_Ni0sRD021.txt	29/05/2024 16:14:04	21.7	559.55	13.33	57041.50	1411.40	1.355626e+05	1.170910e+01	6.470985e+00	900.40	2.231305e-07	4426	5.804e-02
135kHz_150dA_100Mss_Ni0sRD022.txt	29/05/2024 16:14:05	21.6	559.88	13.29	57041.50	1413.24	1.355320e+05	1.176586e+01	6.468821e+00	894.26	2.204970e-07	4427	5.729e-02
135kHz_150dA_100Mss_Ni0sRD023.txt	29/05/2024 16:14:05	21.6	562.34	13.27	57041.50	1439.02	1.355626e+05	1.182379e+01	6.467021e+00	890.25	2.183113e-07	4426	5.805e-02
135kHz_150dA_100Mss_Ni0sRD024.txt	29/05/2024 16:14:06	21.7	559.89	13.35	57041.50	1400.53	1.355626e+05	1.165980e+01	6.470360e+00	893.66	2.223678e-07	4426	5.774e-02
135kHz_150dA_100Mss_Ni0sRD025.txt	29/05/2024 16:14:06	21.7	559.61	13.27	57041.50	1414.68	1.355626e+05	1.174585e+01	6.468531e+00	891.56	2.201457e-07	4426	5.789e-02
135kHz_150dA_100Mss_Ni0sRD026.txt	29/05/2024 16:14:07	21.7	558.40	13.23	57041.50	1421.68	1.355626e+05	1.174026e+01	6.466029e+00	879.24	2.171064e-07	4426	5.751e-02
135kHz_150dA_100Mss_Ni0sRD027.txt	29/05/2024 16:14:07	21.7	562.08	13.33	57041.50	1408.31	1.355320e+05	1.170708e+01	6.471396e+00	901.99	2.236327e-07	4427	5.734e-02
135kHz_150dA_100Mss_Ni0sRD028.txt	29/05/2024 16:14:08	21.7	561.89	13.29	57041.50	1424.12	1.355626e+05	1.178573e+01	6.470167e+00	902.39	2.221357e-07	4426	5.810e-02
135kHz_150dA_100Mss_Ni0sRD029.txt	29/05/2024 16:14:08	21.7	561.07	13.33	57041.50	1399.85	1.355626e+05	1.167713e+01	6.469968e+00	893.14	2.218940e-07	4426	5.816e-02
135kHz_150dA_100Mss_Ni0sRD030.txt	29/05/2024 16:14:09	21.7	557.47	13.24	57041.50	1416.97	1.355626e+05	1.165436e+01	6.467399e+00	879.28	2.187715e-07	4426	5.784e-02
135kHz_150dA_100Mss_Ni0sRD031.txt	29/05/2024 16:14:09	21.7	564.31	13.36	57041.50	1393.56	1.355626e+05	1.163018e+01	6.470463e+00	891.88	2.224967e-07	4426	5.839e-02
135kHz_150dA_100Mss_Ni0sRD032.txt	29/05/2024 16:14:10	21.7	556.09	13.19	57041.50	1410.21	1.355320e+05	1.169643e+01	6.466573e+00	878.34	2.177677e-07	4427	5.766e-02
135kHz_150dA_100Mss_Ni0sRD033.txt	29/05/2024 16:14:10	21.7	551.65	13.16	57041.50	1428.52	1.355626e+05	1.167514e+01	6.465675e+00	872.70	2.166768e-07	4426	5.703e-02
135kHz_150dA_100Mss_Ni0sRD034.txt	29/05/2024 16:14:11	21.6	558.37	13.16	57041.50	1426.94	1.355320e+05	1.182460e+01	6.465853e+00	884.52	2.168946e-07	4427	5.805e-02
135kHz_150dA_100Mss_Ni0sRD035.txt	29/05/2024 16:14:11	21.6	558.70	13.15	57041.50	1421.08	1.355320e+05	1.182408e+01	6.466216e+00	886.22	2.173349e-07	4427	5.797e-02
135kHz_150dA_100Mss_Ni0sRD036.txt	29/05/2024 16:14:12	21.7	555.68	13.15	57041.50	1417.16	1.355626e+05	1.174471e+01	6.465155e+00	875.42	2.160452e-07	4426	5.748e-02
135kHz_150dA_100Mss_Ni0sRD037.txt	29/05/2024 16:14:13	21.7	553.74	13.10	57041.50	1427.60	1.355626e+05	1.177490e+01	6.466394e+00	883.58	2.175506e-07	4426	5.752e-02
135kHz_150dA_100Mss_Ni0sRD038.txt	29/05/2024 16:14:14	21.7	555.54	13.11	57041.50	1438.00	1.355626e+05	1.182285e+01	6.465382e+00	882.33	2.163197e-07	4426	5.775e-02
