# Temperatura_=_21.605263157894747
# Concentracion g/m^3_=_10000.0
# C_Vs_to_Am_M_A/Vsm_=_254322799225.57578
# pendiente_HvsI_1/m_=_3716.3
# ordenada_HvsI_A/m_=_1297.0
# frecuencia_Hz_=_135566.1519804585
# Promedio de 38 ciclos

Tiempo_(s)	Campo_(V.s)	Magnetizacion_(V.s)	Campo_(kA/m)	Magnetizacion_(A/m)
0.000000e+00	-1.079832e-08	-2.879150e-09	-5.701411e+01	-8.047147e+02
1.000000e-08	-1.079829e-08	-2.879921e-09	-5.701394e+01	-8.049023e+02
2.000000e-08	-1.079759e-08	-2.880210e-09	-5.701022e+01	-8.049769e+02
3.000000e-08	-1.079592e-08	-2.879957e-09	-5.700134e+01	-8.049136e+02
4.000000e-08	-1.079321e-08	-2.879841e-09	-5.698699e+01	-8.048935e+02
5.000000e-08	-1.078971e-08	-2.879818e-09	-5.696851e+01	-8.049055e+02
6.000000e-08	-1.078567e-08	-2.879652e-09	-5.694716e+01	-8.048742e+02
7.000000e-08	-1.078104e-08	-2.880244e-09	-5.692265e+01	-8.050217e+02
8.000000e-08	-1.077567e-08	-2.881385e-09	-5.689425e+01	-8.053019e+02
9.000000e-08	-1.076945e-08	-2.878792e-09	-5.686137e+01	-8.045655e+02
1.000000e-07	-1.076218e-08	-2.870461e-09	-5.682295e+01	-8.022622e+02
1.100000e-07	-1.075357e-08	-2.869014e-09	-5.677736e+01	-8.018491e+02
1.200000e-07	-1.074349e-08	-2.881545e-09	-5.672405e+01	-8.053066e+02
1.300000e-07	-1.073259e-08	-2.893582e-09	-5.666645e+01	-8.086825e+02
1.400000e-07	-1.072155e-08	-2.880109e-09	-5.660826e+01	-8.050204e+02
1.500000e-07	-1.071006e-08	-2.854422e-09	-5.654761e+01	-7.978402e+02
1.600000e-07	-1.069749e-08	-2.870123e-09	-5.648113e+01	-8.020151e+02
1.700000e-07	-1.068410e-08	-2.901735e-09	-5.641035e+01	-8.107300e+02
1.800000e-07	-1.067022e-08	-2.880611e-09	-5.633705e+01	-8.049991e+02
1.900000e-07	-1.065525e-08	-2.855632e-09	-5.625796e+01	-7.981829e+02
2.000000e-07	-1.063896e-08	-2.881739e-09	-5.617189e+01	-8.055353e+02
2.100000e-07	-1.062206e-08	-2.884237e-09	-5.608267e+01	-8.065190e+02
2.200000e-07	-1.060473e-08	-2.847583e-09	-5.599121e+01	-7.964465e+02
2.300000e-07	-1.058654e-08	-2.864836e-09	-5.589508e+01	-8.008328e+02
2.400000e-07	-1.056754e-08	-2.907285e-09	-5.579474e+01	-8.122957e+02
2.500000e-07	-1.054806e-08	-2.893173e-09	-5.569186e+01	-8.084811e+02
2.600000e-07	-1.052792e-08	-2.884462e-09	-5.558544e+01	-8.060313e+02
2.700000e-07	-1.050700e-08	-2.916406e-09	-5.547486e+01	-8.147805e+02
2.800000e-07	-1.048546e-08	-2.901864e-09	-5.536104e+01	-8.110697e+02
2.900000e-07	-1.046316e-08	-2.861515e-09	-5.524322e+01	-8.001798e+02
3.000000e-07	-1.043998e-08	-2.875271e-09	-5.512073e+01	-8.039058e+02
3.100000e-07	-1.041625e-08	-2.880425e-09	-5.499533e+01	-8.054844e+02
3.200000e-07	-1.039200e-08	-2.848367e-09	-5.486723e+01	-7.967811e+02
3.300000e-07	-1.036682e-08	-2.862177e-09	-5.473426e+01	-8.002161e+02
3.400000e-07	-1.034062e-08	-2.895373e-09	-5.459586e+01	-8.090948e+02
3.500000e-07	-1.031361e-08	-2.876147e-09	-5.445324e+01	-8.039259e+02
3.600000e-07	-1.028593e-08	-2.869135e-09	-5.430705e+01	-8.019136e+02
3.700000e-07	-1.025764e-08	-2.897131e-09	-5.415763e+01	-8.094329e+02
3.800000e-07	-1.022870e-08	-2.884067e-09	-5.400474e+01	-8.060664e+02
3.900000e-07	-1.019898e-08	-2.864551e-09	-5.384774e+01	-8.008229e+02
4.000000e-07	-1.016849e-08	-2.882762e-09	-5.368664e+01	-8.056524e+02
4.100000e-07	-1.013729e-08	-2.875922e-09	-5.352188e+01	-8.038727e+02
4.200000e-07	-1.010549e-08	-2.858736e-09	-5.335395e+01	-7.992216e+02
4.300000e-07	-1.007312e-08	-2.872401e-09	-5.318298e+01	-8.027392e+02
4.400000e-07	-1.003996e-08	-2.869648e-09	-5.300781e+01	-8.019922e+02
4.500000e-07	-1.000579e-08	-2.854645e-09	-5.282730e+01	-7.980151e+02
4.600000e-07	-9.970695e-09	-2.859695e-09	-5.264202e+01	-7.993119e+02
4.700000e-07	-9.934928e-09	-2.855703e-09	-5.245315e+01	-7.981665e+02
4.800000e-07	-9.898575e-09	-2.846047e-09	-5.226116e+01	-7.955749e+02
4.900000e-07	-9.861611e-09	-2.851843e-09	-5.206594e+01	-7.971240e+02
5.000000e-07	-9.823959e-09	-2.847784e-09	-5.186709e+01	-7.959557e+02
5.100000e-07	-9.785554e-09	-2.837387e-09	-5.166425e+01	-7.931086e+02
5.200000e-07	-9.746467e-09	-2.839923e-09	-5.145781e+01	-7.938086e+02
5.300000e-07	-9.706818e-09	-2.836793e-09	-5.124843e+01	-7.929313e+02
5.400000e-07	-9.666579e-09	-2.827209e-09	-5.103588e+01	-7.902692e+02
5.500000e-07	-9.625569e-09	-2.827680e-09	-5.081923e+01	-7.903820e+02
5.600000e-07	-9.583625e-09	-2.826350e-09	-5.059769e+01	-7.900111e+02
5.700000e-07	-9.540735e-09	-2.818458e-09	-5.037115e+01	-7.878011e+02
5.800000e-07	-9.497063e-09	-2.815330e-09	-5.014046e+01	-7.869004e+02
5.900000e-07	-9.452801e-09	-2.814117e-09	-4.990669e+01	-7.865532e+02
6.000000e-07	-9.408000e-09	-2.809660e-09	-4.967009e+01	-7.853189e+02
6.100000e-07	-9.362579e-09	-2.804455e-09	-4.943021e+01	-7.838843e+02
6.200000e-07	-9.316477e-09	-2.798841e-09	-4.918676e+01	-7.823339e+02
6.300000e-07	-9.269727e-09	-2.794761e-09	-4.893994e+01	-7.811804e+02
6.400000e-07	-9.222374e-09	-2.792303e-09	-4.868991e+01	-7.804802e+02
6.500000e-07	-9.174370e-09	-2.787389e-09	-4.843642e+01	-7.791174e+02
6.600000e-07	-9.125594e-09	-2.781897e-09	-4.817884e+01	-7.775772e+02
6.700000e-07	-9.075928e-09	-2.777438e-09	-4.791655e+01	-7.763283e+02
6.800000e-07	-9.025347e-09	-2.771308e-09	-4.764939e+01	-7.746328e+02
6.900000e-07	-8.973883e-09	-2.766307e-09	-4.737757e+01	-7.732347e+02
7.000000e-07	-8.921636e-09	-2.763643e-09	-4.710163e+01	-7.724809e+02
7.100000e-07	-8.868720e-09	-2.757863e-09	-4.682220e+01	-7.708728e+02
7.200000e-07	-8.815163e-09	-2.750553e-09	-4.653942e+01	-7.688213e+02
7.300000e-07	-8.760991e-09	-2.746112e-09	-4.625336e+01	-7.675649e+02
7.400000e-07	-8.706277e-09	-2.741477e-09	-4.596444e+01	-7.662846e+02
7.500000e-07	-8.651046e-09	-2.734171e-09	-4.567278e+01	-7.642625e+02
7.600000e-07	-8.595291e-09	-2.728256e-09	-4.537834e+01	-7.626006e+02
7.700000e-07	-8.538990e-09	-2.723879e-09	-4.508099e+01	-7.613636e+02
7.800000e-07	-8.482049e-09	-2.718343e-09	-4.478023e+01	-7.598144e+02
7.900000e-07	-8.424357e-09	-2.712762e-09	-4.447552e+01	-7.582478e+02
8.000000e-07	-8.365898e-09	-2.707259e-09	-4.416678e+01	-7.567123e+02
8.100000e-07	-8.306727e-09	-2.699865e-09	-4.385428e+01	-7.546701e+02
8.200000e-07	-8.246908e-09	-2.691847e-09	-4.353833e+01	-7.524389e+02
8.300000e-07	-8.186507e-09	-2.685823e-09	-4.321930e+01	-7.507519e+02
8.400000e-07	-8.125558e-09	-2.681154e-09	-4.289741e+01	-7.494438e+02
8.500000e-07	-8.064064e-09	-2.675491e-09	-4.257265e+01	-7.478468e+02
8.600000e-07	-8.002038e-09	-2.669045e-09	-4.224509e+01	-7.460209e+02
8.700000e-07	-7.939521e-09	-2.662454e-09	-4.191496e+01	-7.441675e+02
8.800000e-07	-7.876511e-09	-2.655504e-09	-4.158224e+01	-7.422311e+02
8.900000e-07	-7.812985e-09	-2.648729e-09	-4.124676e+01	-7.403522e+02
9.000000e-07	-7.748962e-09	-2.642013e-09	-4.090866e+01	-7.384951e+02
9.100000e-07	-7.684432e-09	-2.634584e-09	-4.056788e+01	-7.364330e+02
9.200000e-07	-7.619338e-09	-2.626890e-09	-4.022415e+01	-7.342871e+02
9.300000e-07	-7.553634e-09	-2.619777e-09	-3.987723e+01	-7.322969e+02
9.400000e-07	-7.487286e-09	-2.612536e-09	-3.952689e+01	-7.302717e+02
9.500000e-07	-7.420307e-09	-2.604653e-09	-3.917320e+01	-7.280694e+02
9.600000e-07	-7.352734e-09	-2.596637e-09	-3.881640e+01	-7.258286e+02
9.700000e-07	-7.284650e-09	-2.588570e-09	-3.845688e+01	-7.235811e+02
9.800000e-07	-7.216125e-09	-2.580504e-09	-3.809503e+01	-7.213401e+02
9.900000e-07	-7.147155e-09	-2.572412e-09	-3.773087e+01	-7.190890e+02
1.000000e-06	-7.077706e-09	-2.563683e-09	-3.736419e+01	-7.166637e+02
1.010000e-06	-7.007761e-09	-2.554840e-09	-3.699492e+01	-7.142017e+02
1.020000e-06	-6.937364e-09	-2.546760e-09	-3.662328e+01	-7.119339e+02
1.030000e-06	-6.866558e-09	-2.539534e-09	-3.624944e+01	-7.098967e+02
1.040000e-06	-6.795325e-09	-2.532036e-09	-3.587328e+01	-7.077894e+02
1.050000e-06	-6.723585e-09	-2.523088e-09	-3.549443e+01	-7.052823e+02
1.060000e-06	-6.651315e-09	-2.513095e-09	-3.511285e+01	-7.024982e+02
1.070000e-06	-6.578526e-09	-2.503519e-09	-3.472857e+01	-6.998371e+02
1.080000e-06	-6.505187e-09	-2.494657e-09	-3.434133e+01	-6.973671e+02
1.090000e-06	-6.431286e-09	-2.485804e-09	-3.395114e+01	-6.948979e+02
1.100000e-06	-6.356795e-09	-2.476371e-09	-3.355791e+01	-6.922718e+02
1.110000e-06	-6.281710e-09	-2.466347e-09	-3.316154e+01	-6.894822e+02
1.120000e-06	-6.206080e-09	-2.456393e-09	-3.276224e+01	-6.867045e+02
1.130000e-06	-6.129957e-09	-2.446851e-09	-3.236031e+01	-6.840319e+02
1.140000e-06	-6.053394e-09	-2.437050e-09	-3.195607e+01	-6.812896e+02
1.150000e-06	-5.976406e-09	-2.426646e-09	-3.154965e+01	-6.783914e+02
1.160000e-06	-5.898996e-09	-2.416024e-09	-3.114104e+01	-6.754476e+02
1.170000e-06	-5.821146e-09	-2.405755e-09	-3.073009e+01	-6.726068e+02
1.180000e-06	-5.742816e-09	-2.395982e-09	-3.031658e+01	-6.698869e+02
1.190000e-06	-5.663996e-09	-2.385985e-09	-2.990047e+01	-6.670874e+02
1.200000e-06	-5.584692e-09	-2.375245e-09	-2.948180e+01	-6.640811e+02
1.210000e-06	-5.504912e-09	-2.364013e-09	-2.906061e+01	-6.609360e+02
1.220000e-06	-5.424652e-09	-2.352921e-09	-2.863687e+01	-6.578272e+02
1.230000e-06	-5.343912e-09	-2.342183e-09	-2.821058e+01	-6.548245e+02
1.240000e-06	-5.262737e-09	-2.331345e-09	-2.778199e+01	-6.517980e+02
1.250000e-06	-5.181175e-09	-2.319647e-09	-2.735135e+01	-6.485409e+02
1.260000e-06	-5.099279e-09	-2.307345e-09	-2.691894e+01	-6.451280e+02
1.270000e-06	-5.017097e-09	-2.295257e-09	-2.648503e+01	-6.417618e+02
1.280000e-06	-4.934663e-09	-2.283603e-09	-2.604977e+01	-6.384911e+02
1.290000e-06	-4.851987e-09	-2.271967e-09	-2.561323e+01	-6.352257e+02
1.300000e-06	-4.769056e-09	-2.259791e-09	-2.517537e+01	-6.318163e+02
1.310000e-06	-4.685836e-09	-2.247073e-09	-2.473597e+01	-6.282534e+02
1.320000e-06	-4.602319e-09	-2.234212e-09	-2.429499e+01	-6.246611e+02
1.330000e-06	-4.518498e-09	-2.221158e-09	-2.385239e+01	-6.210192e+02
1.340000e-06	-4.434356e-09	-2.207684e-09	-2.340813e+01	-6.172539e+02
1.350000e-06	-4.349917e-09	-2.194034e-09	-2.296233e+01	-6.134403e+02
1.360000e-06	-4.265207e-09	-2.180476e-09	-2.251507e+01	-6.096636e+02
1.370000e-06	-4.180239e-09	-2.166865e-09	-2.206643e+01	-6.058775e+02
1.380000e-06	-4.095016e-09	-2.153214e-09	-2.161646e+01	-6.020610e+02
1.390000e-06	-4.009509e-09	-2.139444e-09	-2.116501e+01	-5.981957e+02
1.400000e-06	-3.923728e-09	-2.124828e-09	-2.071213e+01	-5.941018e+02
1.410000e-06	-3.837704e-09	-2.109175e-09	-2.025797e+01	-5.897285e+02
1.420000e-06	-3.751457e-09	-2.093010e-09	-1.980259e+01	-5.852277e+02
1.430000e-06	-3.665002e-09	-2.077085e-09	-1.934610e+01	-5.808033e+02
1.440000e-06	-3.578345e-09	-2.061913e-09	-1.888852e+01	-5.765742e+02
1.450000e-06	-3.491477e-09	-2.046864e-09	-1.842983e+01	-5.723659e+02
1.460000e-06	-3.404404e-09	-2.031435e-09	-1.797007e+01	-5.680521e+02
1.470000e-06	-3.317106e-09	-2.015345e-09	-1.750910e+01	-5.635511e+02
1.480000e-06	-3.229552e-09	-1.998466e-09	-1.704676e+01	-5.588239e+02
1.490000e-06	-3.141736e-09	-1.981225e-09	-1.658303e+01	-5.539904e+02
1.500000e-06	-3.053631e-09	-1.963475e-09	-1.611781e+01	-5.490158e+02
1.510000e-06	-2.965229e-09	-1.945337e-09	-1.565106e+01	-5.439473e+02
1.520000e-06	-2.876567e-09	-1.927390e-09	-1.518294e+01	-5.389586e+02
1.530000e-06	-2.787698e-09	-1.909407e-09	-1.471373e+01	-5.339701e+02
1.540000e-06	-2.698665e-09	-1.890864e-09	-1.424369e+01	-5.287963e+02
1.550000e-06	-2.609469e-09	-1.871956e-09	-1.377283e+01	-5.234855e+02
1.560000e-06	-2.520116e-09	-1.852862e-09	-1.330112e+01	-5.181207e+02
1.570000e-06	-2.430622e-09	-1.833011e-09	-1.282866e+01	-5.125642e+02
1.580000e-06	-2.340993e-09	-1.812477e-09	-1.235548e+01	-5.068284e+02
1.590000e-06	-2.251216e-09	-1.792028e-09	-1.188152e+01	-5.011167e+02
1.600000e-06	-2.161266e-09	-1.771879e-09	-1.140664e+01	-4.954830e+02
1.610000e-06	-2.071145e-09	-1.751627e-09	-1.093086e+01	-4.898227e+02
1.620000e-06	-1.980846e-09	-1.730793e-09	-1.045414e+01	-4.840057e+02
1.630000e-06	-1.890354e-09	-1.709480e-09	-9.976367e+00	-4.780501e+02
1.640000e-06	-1.799672e-09	-1.687575e-09	-9.497569e+00	-4.719253e+02
1.650000e-06	-1.708815e-09	-1.665236e-09	-9.017850e+00	-4.656695e+02
1.660000e-06	-1.617807e-09	-1.642887e-09	-8.537335e+00	-4.594064e+02
1.670000e-06	-1.526665e-09	-1.620353e-09	-8.056106e+00	-4.531061e+02
1.680000e-06	-1.435425e-09	-1.597616e-09	-7.574355e+00	-4.467542e+02
1.690000e-06	-1.344110e-09	-1.574667e-09	-7.092222e+00	-4.403340e+02
1.700000e-06	-1.252717e-09	-1.551112e-09	-6.609669e+00	-4.337418e+02
1.710000e-06	-1.161260e-09	-1.526844e-09	-6.126721e+00	-4.269602e+02
1.720000e-06	-1.069716e-09	-1.501965e-09	-5.643322e+00	-4.200280e+02
1.730000e-06	-9.780639e-10	-1.476682e-09	-5.159423e+00	-4.129850e+02
1.740000e-06	-8.863188e-10	-1.451270e-09	-4.675060e+00	-4.058818e+02
1.750000e-06	-7.944893e-10	-1.425835e-09	-4.190242e+00	-3.987461e+02
1.760000e-06	-7.025664e-10	-1.400288e-09	-3.704923e+00	-3.915703e+02
1.770000e-06	-6.105573e-10	-1.374314e-09	-3.219117e+00	-3.842867e+02
1.780000e-06	-5.184813e-10	-1.347623e-09	-2.732941e+00	-3.768246e+02
1.790000e-06	-4.263614e-10	-1.320069e-09	-2.246540e+00	-3.691316e+02
1.800000e-06	-3.341994e-10	-1.291718e-09	-1.759939e+00	-3.612101e+02
1.810000e-06	-2.420108e-10	-1.262419e-09	-1.273207e+00	-3.530285e+02
1.820000e-06	-1.498358e-10	-1.232480e-09	-7.865325e-01	-3.446627e+02
1.830000e-06	-5.768466e-11	-1.202387e-09	-2.999910e-01	-3.362364e+02
1.840000e-06	3.443449e-11	-1.171977e-09	1.864007e-01	-3.277017e+02
1.850000e-06	1.265262e-10	-1.141005e-09	6.726707e-01	-3.189949e+02
1.860000e-06	2.186092e-10	-1.109267e-09	1.158893e+00	-3.100906e+02
1.870000e-06	3.107026e-10	-1.076320e-09	1.645145e+00	-3.008767e+02
1.880000e-06	4.027923e-10	-1.042014e-09	2.131385e+00	-2.912996e+02
1.890000e-06	4.948550e-10	-1.006830e-09	2.617480e+00	-2.814742e+02
1.900000e-06	5.869030e-10	-9.710843e-10	3.103451e+00	-2.714666e+02
1.910000e-06	6.789289e-10	-9.347179e-10	3.589315e+00	-2.612605e+02
1.920000e-06	7.708991e-10	-8.978968e-10	4.074940e+00	-2.509156e+02
1.930000e-06	8.627951e-10	-8.606445e-10	4.560188e+00	-2.404573e+02
1.940000e-06	9.546212e-10	-8.227319e-10	5.045055e+00	-2.298248e+02
1.950000e-06	1.046362e-09	-7.841455e-10	5.529448e+00	-2.190092e+02
1.960000e-06	1.137985e-09	-7.444982e-10	6.013222e+00	-2.079153e+02
1.970000e-06	1.229472e-09	-7.035601e-10	6.496302e+00	-1.964729e+02
1.980000e-06	1.320811e-09	-6.616334e-10	6.978596e+00	-1.847435e+02
1.990000e-06	1.412003e-09	-6.186072e-10	7.460102e+00	-1.726793e+02
2.000000e-06	1.503061e-09	-5.744257e-10	7.940908e+00	-1.602698e+02
2.010000e-06	1.594001e-09	-5.293696e-10	8.421077e+00	-1.476185e+02
2.020000e-06	1.684838e-09	-4.833128e-10	8.900660e+00	-1.347007e+02
2.030000e-06	1.775572e-09	-4.360166e-10	9.379702e+00	-1.214383e+02
2.040000e-06	1.866188e-09	-3.875444e-10	9.858174e+00	-1.078457e+02
2.050000e-06	1.956659e-09	-3.377496e-10	1.033588e+01	-9.388121e+01
2.060000e-06	2.046988e-09	-2.866176e-10	1.081280e+01	-7.953811e+01
2.070000e-06	2.137167e-09	-2.343120e-10	1.128894e+01	-6.486671e+01
2.080000e-06	2.227164e-09	-1.807248e-10	1.176413e+01	-4.982907e+01
2.090000e-06	2.316973e-09	-1.261149e-10	1.223831e+01	-3.449215e+01
2.100000e-06	2.406596e-09	-7.094988e-11	1.271151e+01	-1.899686e+01
2.110000e-06	2.496025e-09	-1.537760e-11	1.318364e+01	-3.395195e+00
2.120000e-06	2.585242e-09	4.081453e-11	1.365465e+01	1.236570e+01
2.130000e-06	2.674248e-09	9.783480e-11	1.412452e+01	2.834669e+01
2.140000e-06	2.763054e-09	1.556779e-10	1.459336e+01	4.455932e+01
2.150000e-06	2.851673e-09	2.142393e-10	1.506124e+01	6.097599e+01
2.160000e-06	2.940113e-09	2.734589e-10	1.552818e+01	7.757489e+01
2.170000e-06	3.028359e-09	3.330013e-10	1.599409e+01	9.427219e+01
2.180000e-06	3.116372e-09	3.922091e-10	1.645876e+01	1.108777e+02
2.190000e-06	3.204144e-09	4.506666e-10	1.692222e+01	1.272655e+02
2.200000e-06	3.291686e-09	5.084176e-10	1.738449e+01	1.434486e+02
2.210000e-06	3.379000e-09	5.653166e-10	1.784553e+01	1.593780e+02
2.220000e-06	3.466066e-09	6.211319e-10	1.830526e+01	1.749957e+02
2.230000e-06	3.552877e-09	6.763095e-10	1.876366e+01	1.904418e+02
2.240000e-06	3.639443e-09	7.310481e-10	1.922077e+01	2.057713e+02
2.250000e-06	3.725752e-09	7.850837e-10	1.967649e+01	2.209003e+02
2.260000e-06	3.811795e-09	8.382000e-10	2.013078e+01	2.357592e+02
2.270000e-06	3.897576e-09	8.903755e-10	2.058366e+01	2.503481e+02
2.280000e-06	3.983105e-09	9.417810e-10	2.103520e+01	2.647240e+02
2.290000e-06	4.068381e-09	9.922043e-10	2.148543e+01	2.788188e+02
2.300000e-06	4.153412e-09	1.041204e-09	2.193436e+01	2.925126e+02
2.310000e-06	4.238216e-09	1.088711e-09	2.238209e+01	3.057960e+02
2.320000e-06	4.322798e-09	1.135018e-09	2.282863e+01	3.187427e+02
2.330000e-06	4.407134e-09	1.180694e-09	2.327388e+01	3.315007e+02
2.340000e-06	4.491195e-09	1.225533e-09	2.371770e+01	3.440103e+02
2.350000e-06	4.574951e-09	1.268953e-09	2.415994e+01	3.561181e+02
2.360000e-06	4.658379e-09	1.310867e-09	2.460043e+01	3.678160e+02
2.370000e-06	4.741457e-09	1.351194e-09	2.503907e+01	3.790869e+02
2.380000e-06	4.824189e-09	1.390679e-09	2.547586e+01	3.901215e+02
2.390000e-06	4.906593e-09	1.429755e-09	2.591088e+01	4.010323e+02
2.400000e-06	4.988668e-09	1.467883e-09	2.634412e+01	4.116769e+02
2.410000e-06	5.070408e-09	1.504806e-09	2.677559e+01	4.219828e+02
2.420000e-06	5.151790e-09	1.540760e-09	2.720519e+01	4.320243e+02
2.430000e-06	5.232804e-09	1.576500e-09	2.763291e+01	4.420015e+02
2.440000e-06	5.313436e-09	1.612013e-09	2.805861e+01	4.518934e+02
2.450000e-06	5.393676e-09	1.646558e-09	2.848225e+01	4.615148e+02
2.460000e-06	5.473537e-09	1.679457e-09	2.890387e+01	4.706978e+02
2.470000e-06	5.552994e-09	1.710506e-09	2.932334e+01	4.793751e+02
2.480000e-06	5.632037e-09	1.740757e-09	2.974062e+01	4.878159e+02
2.490000e-06	5.710662e-09	1.770776e-09	3.015568e+01	4.961705e+02
2.500000e-06	5.788812e-09	1.799765e-09	3.056824e+01	5.042305e+02
2.510000e-06	5.866469e-09	1.827571e-09	3.097821e+01	5.119739e+02
2.520000e-06	5.943675e-09	1.854828e-09	3.138578e+01	5.195783e+02
2.530000e-06	6.020456e-09	1.881969e-09	3.179108e+01	5.271462e+02
2.540000e-06	6.096808e-09	1.908675e-09	3.219413e+01	5.345845e+02
2.550000e-06	6.172683e-09	1.934330e-09	3.259472e+01	5.417280e+02
2.560000e-06	6.248023e-09	1.958714e-09	3.299247e+01	5.485268e+02
2.570000e-06	6.322814e-09	1.982149e-09	3.338731e+01	5.550750e+02
2.580000e-06	6.397067e-09	2.005573e-09	3.377928e+01	5.616099e+02
2.590000e-06	6.470797e-09	2.029133e-09	3.416847e+01	5.681649e+02
2.600000e-06	6.544018e-09	2.052355e-09	3.455494e+01	5.746298e+02
2.610000e-06	6.616725e-09	2.074833e-09	3.493869e+01	5.808987e+02
2.620000e-06	6.688902e-09	2.096413e-09	3.531966e+01	5.869256e+02
2.630000e-06	6.760558e-09	2.117710e-09	3.569794e+01	5.928727e+02
2.640000e-06	6.831724e-09	2.138834e-09	3.607368e+01	5.987600e+02
2.650000e-06	6.902415e-09	2.159050e-09	3.644691e+01	6.043912e+02
2.660000e-06	6.972621e-09	2.178316e-09	3.681758e+01	6.097604e+02
2.670000e-06	7.042326e-09	2.197379e-09	3.718558e+01	6.150746e+02
2.680000e-06	7.111552e-09	2.216463e-09	3.755104e+01	6.203883e+02
2.690000e-06	7.180335e-09	2.235198e-09	3.791416e+01	6.255952e+02
2.700000e-06	7.248691e-09	2.253102e-09	3.827503e+01	6.305786e+02
2.710000e-06	7.316601e-09	2.269860e-09	3.863356e+01	6.352535e+02
2.720000e-06	7.384019e-09	2.285816e-09	3.898951e+01	6.397006e+02
2.730000e-06	7.450874e-09	2.301921e-09	3.934248e+01	6.441818e+02
2.740000e-06	7.517113e-09	2.318330e-09	3.969219e+01	6.487435e+02
2.750000e-06	7.582736e-09	2.333908e-09	4.003857e+01	6.530710e+02
2.760000e-06	7.647745e-09	2.348334e-09	4.038167e+01	6.570781e+02
2.770000e-06	7.712146e-09	2.362351e-09	4.072162e+01	6.609726e+02
2.780000e-06	7.775974e-09	2.376377e-09	4.105860e+01	6.648692e+02
2.790000e-06	7.839267e-09	2.390349e-09	4.139273e+01	6.687523e+02
2.800000e-06	7.902054e-09	2.403904e-09	4.172421e+01	6.725259e+02
2.810000e-06	7.964334e-09	2.416788e-09	4.205302e+01	6.761134e+02
2.820000e-06	8.026103e-09	2.429252e-09	4.237915e+01	6.795732e+02
2.830000e-06	8.087369e-09	2.441759e-09	4.270261e+01	6.830385e+02
2.840000e-06	8.148155e-09	2.454092e-09	4.302352e+01	6.864625e+02
2.850000e-06	8.208484e-09	2.465835e-09	4.334201e+01	6.897332e+02
2.860000e-06	8.268317e-09	2.477119e-09	4.365790e+01	6.928748e+02
2.870000e-06	8.327566e-09	2.488256e-09	4.397072e+01	6.959701e+02
2.880000e-06	8.386112e-09	2.499682e-09	4.427980e+01	6.991456e+02
2.890000e-06	8.443892e-09	2.510961e-09	4.458478e+01	7.022839e+02
2.900000e-06	8.500929e-09	2.521270e-09	4.488580e+01	7.051575e+02
2.910000e-06	8.557273e-09	2.531219e-09	4.518318e+01	7.079272e+02
2.920000e-06	8.613003e-09	2.541661e-09	4.547735e+01	7.108201e+02
2.930000e-06	8.668169e-09	2.552522e-09	4.576855e+01	7.138296e+02
2.940000e-06	8.722772e-09	2.563316e-09	4.605675e+01	7.168319e+02
2.950000e-06	8.776784e-09	2.573371e-09	4.634185e+01	7.196241e+02
2.960000e-06	8.830194e-09	2.582259e-09	4.662380e+01	7.220873e+02
2.970000e-06	8.882993e-09	2.590594e-09	4.690255e+01	7.244099e+02
2.980000e-06	8.935143e-09	2.599444e-09	4.717786e+01	7.268834e+02
2.990000e-06	8.986542e-09	2.608777e-09	4.744926e+01	7.294898e+02
3.000000e-06	9.037085e-09	2.617956e-09	4.771615e+01	7.320496e+02
3.010000e-06	9.086749e-09	2.626937e-09	4.797831e+01	7.345425e+02
3.020000e-06	9.135595e-09	2.635887e-09	4.823613e+01	7.370238e+02
3.030000e-06	9.183744e-09	2.644699e-09	4.849034e+01	7.394673e+02
3.040000e-06	9.231266e-09	2.653232e-09	4.874126e+01	7.418373e+02
3.050000e-06	9.278166e-09	2.660918e-09	4.898891e+01	7.439827e+02
3.060000e-06	9.324433e-09	2.667836e-09	4.923320e+01	7.459219e+02
3.070000e-06	9.370021e-09	2.675131e-09	4.947390e+01	7.479599e+02
3.080000e-06	9.414957e-09	2.683012e-09	4.971113e+01	7.501546e+02
3.090000e-06	9.459337e-09	2.691110e-09	4.994543e+01	7.524113e+02
3.100000e-06	9.503213e-09	2.698946e-09	5.017711e+01	7.545854e+02
3.110000e-06	9.546538e-09	2.706018e-09	5.040589e+01	7.565416e+02
3.120000e-06	9.589143e-09	2.712771e-09	5.063085e+01	7.584116e+02
3.130000e-06	9.630861e-09	2.719786e-09	5.085110e+01	7.603562e+02
3.140000e-06	9.671699e-09	2.726930e-09	5.106668e+01	7.623453e+02
3.150000e-06	9.711810e-09	2.733531e-09	5.127842e+01	7.641917e+02
3.160000e-06	9.751303e-09	2.739394e-09	5.148694e+01	7.658385e+02
3.170000e-06	9.790162e-09	2.745079e-09	5.169212e+01	7.674386e+02
3.180000e-06	9.828343e-09	2.751122e-09	5.189371e+01	7.691302e+02
3.190000e-06	9.865829e-09	2.757572e-09	5.209162e+01	7.709220e+02
3.200000e-06	9.902637e-09	2.763766e-09	5.228591e+01	7.726341e+02
3.210000e-06	9.938846e-09	2.769552e-09	5.247703e+01	7.742340e+02
3.220000e-06	9.974496e-09	2.775260e-09	5.266526e+01	7.758198e+02
3.230000e-06	1.000947e-08	2.781151e-09	5.284991e+01	7.774597e+02
3.240000e-06	1.004358e-08	2.786876e-09	5.303001e+01	7.790571e+02
3.250000e-06	1.007675e-08	2.791828e-09	5.320511e+01	7.804489e+02
3.260000e-06	1.010911e-08	2.796432e-09	5.337589e+01	7.817452e+02
3.270000e-06	1.014083e-08	2.801230e-09	5.354339e+01	7.830871e+02
3.280000e-06	1.017195e-08	2.806361e-09	5.370766e+01	7.845149e+02
3.290000e-06	1.020238e-08	2.811487e-09	5.386833e+01	7.859334e+02
3.300000e-06	1.023210e-08	2.816133e-09	5.402521e+01	7.872103e+02
3.310000e-06	1.026109e-08	2.820214e-09	5.417827e+01	7.883423e+02
3.320000e-06	1.028944e-08	2.824264e-09	5.432792e+01	7.894854e+02
3.330000e-06	1.031725e-08	2.828694e-09	5.447473e+01	7.907350e+02
3.340000e-06	1.034441e-08	2.832862e-09	5.461815e+01	7.919057e+02
3.350000e-06	1.037064e-08	2.836539e-09	5.475658e+01	7.929342e+02
3.360000e-06	1.039580e-08	2.840067e-09	5.488939e+01	7.939179e+02
3.370000e-06	1.042010e-08	2.843735e-09	5.501763e+01	7.949377e+02
3.380000e-06	1.044372e-08	2.847528e-09	5.514231e+01	7.959886e+02
3.390000e-06	1.046666e-08	2.850941e-09	5.526345e+01	7.969330e+02
3.400000e-06	1.048891e-08	2.853881e-09	5.538085e+01	7.977398e+02
3.410000e-06	1.051043e-08	2.856604e-09	5.549446e+01	7.984899e+02
3.420000e-06	1.053125e-08	2.859449e-09	5.560434e+01	7.992883e+02
3.430000e-06	1.055146e-08	2.862466e-09	5.571099e+01	8.001375e+02
3.440000e-06	1.057113e-08	2.865219e-09	5.581485e+01	8.009213e+02
3.450000e-06	1.059014e-08	2.867406e-09	5.591519e+01	8.015505e+02
3.460000e-06	1.060831e-08	2.869173e-09	5.601110e+01	8.020483e+02
3.470000e-06	1.062569e-08	2.871031e-09	5.610275e+01	8.025577e+02
3.480000e-06	1.064235e-08	2.873260e-09	5.619064e+01	8.031586e+02
3.490000e-06	1.065822e-08	2.875376e-09	5.627437e+01	8.037322e+02
3.500000e-06	1.067317e-08	2.877217e-09	5.635324e+01	8.042397e+02
3.510000e-06	1.068726e-08	2.878927e-09	5.642757e+01	8.047171e+02
3.520000e-06	1.070058e-08	2.880531e-09	5.649786e+01	8.051779e+02
3.530000e-06	1.071313e-08	2.882255e-09	5.656416e+01	8.056628e+02
3.540000e-06	1.072497e-08	2.883732e-09	5.662666e+01	8.060598e+02
3.550000e-06	1.073597e-08	2.884772e-09	5.668467e+01	8.063337e+02
3.560000e-06	1.074587e-08	2.885715e-09	5.673689e+01	8.065878e+02
3.570000e-06	1.075469e-08	2.886935e-09	5.678346e+01	8.069285e+02
3.580000e-06	1.076274e-08	2.888290e-09	5.682596e+01	8.073090e+02
3.590000e-06	1.077016e-08	2.889253e-09	5.686514e+01	8.075811e+02
3.600000e-06	1.077687e-08	2.889554e-09	5.690049e+01	8.076728e+02
3.610000e-06	1.078279e-08	2.889567e-09	5.693170e+01	8.076759e+02
3.620000e-06	1.078793e-08	2.890033e-09	5.695883e+01	8.078015e+02
3.630000e-06	1.079237e-08	2.890849e-09	5.698227e+01	8.080285e+02
3.640000e-06	1.079626e-08	2.891561e-09	5.700278e+01	8.082223e+02
3.650000e-06	1.079953e-08	2.891821e-09	5.702007e+01	8.082931e+02
3.660000e-06	1.080190e-08	2.891285e-09	5.703259e+01	8.081508e+02
3.670000e-06	1.080319e-08	2.890682e-09	5.703940e+01	8.079882e+02
3.680000e-06	1.080358e-08	2.890572e-09	5.704146e+01	8.079493e+02
3.690000e-06	1.080334e-08	2.890753e-09	5.704018e+01	8.079877e+02
3.700000e-06	1.080246e-08	2.890525e-09	5.703552e+01	8.079297e+02
3.710000e-06	1.080089e-08	2.890229e-09	5.702715e+01	8.078593e+02
3.720000e-06	1.079862e-08	2.890744e-09	5.701518e+01	8.080065e+02
3.730000e-06	1.079566e-08	2.890723e-09	5.699950e+01	8.080010e+02
3.740000e-06	1.079206e-08	2.889654e-09	5.698041e+01	8.077036e+02
3.750000e-06	1.078796e-08	2.887897e-09	5.695871e+01	8.072191e+02
3.760000e-06	1.078331e-08	2.884540e-09	5.693415e+01	8.063101e+02
3.770000e-06	1.077783e-08	2.884034e-09	5.690521e+01	8.061825e+02
3.780000e-06	1.077125e-08	2.895235e-09	5.687046e+01	8.092360e+02
3.790000e-06	1.076343e-08	2.900480e-09	5.682916e+01	8.106949e+02
3.800000e-06	1.075429e-08	2.881345e-09	5.678080e+01	8.054643e+02
3.810000e-06	1.074401e-08	2.857985e-09	5.672648e+01	7.989800e+02
3.820000e-06	1.073334e-08	2.871702e-09	5.667010e+01	8.026244e+02
3.830000e-06	1.072266e-08	2.902009e-09	5.661367e+01	8.109727e+02
3.840000e-06	1.071137e-08	2.882653e-09	5.655404e+01	8.057977e+02
3.850000e-06	1.069886e-08	2.845563e-09	5.648796e+01	7.955753e+02
3.860000e-06	1.068544e-08	2.861724e-09	5.641715e+01	7.998468e+02
3.870000e-06	1.067149e-08	2.887761e-09	5.634355e+01	8.069577e+02
3.880000e-06	1.065664e-08	2.865974e-09	5.626513e+01	8.009602e+02
3.890000e-06	1.064071e-08	2.859446e-09	5.618098e+01	7.990533e+02
3.900000e-06	1.062412e-08	2.893741e-09	5.609341e+01	8.086321e+02
3.910000e-06	1.060698e-08	2.882883e-09	5.600297e+01	8.061311e+02
3.920000e-06	1.058902e-08	2.839099e-09	5.590807e+01	7.943269e+02
3.930000e-06	1.057023e-08	2.853972e-09	5.580881e+01	7.981685e+02
3.940000e-06	1.055085e-08	2.887095e-09	5.570642e+01	8.071436e+02
3.950000e-06	1.053079e-08	2.870928e-09	5.560043e+01	8.027689e+02
3.960000e-06	1.050983e-08	2.870393e-09	5.548970e+01	8.024860e+02
3.970000e-06	1.048792e-08	2.908184e-09	5.537398e+01	8.128433e+02
3.980000e-06	1.046509e-08	2.895925e-09	5.525350e+01	8.096949e+02
3.990000e-06	1.044147e-08	2.860632e-09	5.512876e+01	8.001112e+02
4.000000e-06	1.041720e-08	2.873560e-09	5.500056e+01	8.036292e+02
4.010000e-06	1.039226e-08	2.873075e-09	5.486878e+01	8.035639e+02
4.020000e-06	1.036656e-08	2.838474e-09	5.473302e+01	7.940539e+02
4.030000e-06	1.034014e-08	2.849164e-09	5.459351e+01	7.967101e+02
4.040000e-06	1.031303e-08	2.875821e-09	5.445036e+01	8.038663e+02
4.050000e-06	1.028531e-08	2.858879e-09	5.430397e+01	7.992454e+02
4.060000e-06	1.025706e-08	2.864865e-09	5.415476e+01	8.006793e+02
4.070000e-06	1.022807e-08	2.892166e-09	5.400160e+01	8.080007e+02
4.080000e-06	1.019804e-08	2.878326e-09	5.384306e+01	8.044071e+02
4.090000e-06	1.016702e-08	2.874609e-09	5.367924e+01	8.033340e+02
4.100000e-06	1.013513e-08	2.892754e-09	5.351082e+01	8.081184e+02
4.110000e-06	1.010250e-08	2.879739e-09	5.333847e+01	8.047487e+02
4.120000e-06	1.006923e-08	2.874736e-09	5.316275e+01	8.033652e+02
4.130000e-06	1.003533e-08	2.883261e-09	5.298373e+01	8.055138e+02
4.140000e-06	1.000078e-08	2.868971e-09	5.280126e+01	8.017656e+02
4.150000e-06	9.965615e-09	2.872936e-09	5.261556e+01	8.028585e+02
4.160000e-06	9.929896e-09	2.881093e-09	5.242692e+01	8.049793e+02
4.170000e-06	9.893559e-09	2.858682e-09	5.223504e+01	7.989997e+02
4.180000e-06	9.856468e-09	2.858212e-09	5.203915e+01	7.988643e+02
4.190000e-06	9.818473e-09	2.868942e-09	5.183849e+01	8.016949e+02
4.200000e-06	9.779529e-09	2.851450e-09	5.163283e+01	7.969760e+02
4.210000e-06	9.739795e-09	2.847209e-09	5.142299e+01	7.957616e+02
4.220000e-06	9.699433e-09	2.855735e-09	5.120983e+01	7.980303e+02
4.230000e-06	9.658434e-09	2.842668e-09	5.099333e+01	7.945410e+02
4.240000e-06	9.616716e-09	2.834748e-09	5.077302e+01	7.923094e+02
4.250000e-06	9.574273e-09	2.839791e-09	5.054888e+01	7.935839e+02
4.260000e-06	9.531181e-09	2.832690e-09	5.032134e+01	7.916984e+02
4.270000e-06	9.487541e-09	2.823132e-09	5.009091e+01	7.890803e+02
4.280000e-06	9.443408e-09	2.821064e-09	4.985785e+01	7.884331e+02
4.290000e-06	9.398759e-09	2.817887e-09	4.962207e+01	7.875442e+02
4.300000e-06	9.353482e-09	2.814051e-09	4.938298e+01	7.864727e+02
4.310000e-06	9.307480e-09	2.810052e-09	4.914007e+01	7.853299e+02
4.320000e-06	9.260780e-09	2.803153e-09	4.889346e+01	7.834258e+02
4.330000e-06	9.213454e-09	2.797496e-09	4.864348e+01	7.818764e+02
4.340000e-06	9.165451e-09	2.793139e-09	4.838993e+01	7.806455e+02
4.350000e-06	9.116660e-09	2.787770e-09	4.813228e+01	7.791156e+02
4.360000e-06	9.067097e-09	2.784161e-09	4.787061e+01	7.781093e+02
4.370000e-06	9.016818e-09	2.779919e-09	4.760515e+01	7.769561e+02
4.380000e-06	8.965843e-09	2.771043e-09	4.733595e+01	7.745036e+02
4.390000e-06	8.914179e-09	2.764964e-09	4.706307e+01	7.727857e+02
4.400000e-06	8.861785e-09	2.762630e-09	4.678634e+01	7.721025e+02
4.410000e-06	8.808586e-09	2.755670e-09	4.650539e+01	7.701746e+02
4.420000e-06	8.754566e-09	2.747528e-09	4.622014e+01	7.679164e+02
4.430000e-06	8.699797e-09	2.743737e-09	4.593093e+01	7.668483e+02
4.440000e-06	8.644347e-09	2.739036e-09	4.563814e+01	7.655415e+02
4.450000e-06	8.588288e-09	2.732094e-09	4.534211e+01	7.635924e+02
4.460000e-06	8.531678e-09	2.726778e-09	4.504314e+01	7.620878e+02
4.470000e-06	8.474493e-09	2.720920e-09	4.474114e+01	7.604864e+02
4.480000e-06	8.416690e-09	2.712205e-09	4.443590e+01	7.580999e+02
4.490000e-06	8.358275e-09	2.705247e-09	4.412742e+01	7.561314e+02
4.500000e-06	8.299298e-09	2.701191e-09	4.381596e+01	7.549478e+02
4.510000e-06	8.239787e-09	2.695094e-09	4.350168e+01	7.532493e+02
4.520000e-06	8.179737e-09	2.687257e-09	4.318454e+01	7.510864e+02
4.530000e-06	8.119097e-09	2.680297e-09	4.286429e+01	7.491547e+02
4.540000e-06	8.057809e-09	2.673238e-09	4.254063e+01	7.471964e+02
4.550000e-06	7.995830e-09	2.665885e-09	4.221336e+01	7.451419e+02
4.560000e-06	7.933160e-09	2.658890e-09	4.188244e+01	7.431783e+02
4.570000e-06	7.869862e-09	2.651186e-09	4.154816e+01	7.410477e+02
4.580000e-06	7.806014e-09	2.642966e-09	4.121098e+01	7.387753e+02
4.590000e-06	7.741650e-09	2.635366e-09	4.087107e+01	7.366416e+02
4.600000e-06	7.676772e-09	2.628397e-09	4.052847e+01	7.346763e+02
4.610000e-06	7.611381e-09	2.621087e-09	4.018318e+01	7.326407e+02
4.620000e-06	7.545457e-09	2.613183e-09	3.983507e+01	7.304595e+02
4.630000e-06	7.479006e-09	2.605254e-09	3.948414e+01	7.282722e+02
4.640000e-06	7.412066e-09	2.597821e-09	3.913063e+01	7.261945e+02
4.650000e-06	7.344658e-09	2.590691e-09	3.877470e+01	7.241724e+02
4.660000e-06	7.276771e-09	2.583265e-09	3.841624e+01	7.220702e+02
4.670000e-06	7.208376e-09	2.574792e-09	3.805507e+01	7.197026e+02
4.680000e-06	7.139430e-09	2.565332e-09	3.769100e+01	7.170762e+02
4.690000e-06	7.069923e-09	2.555931e-09	3.732399e+01	7.144691e+02
4.700000e-06	6.999875e-09	2.547064e-09	3.695411e+01	7.120087e+02
4.710000e-06	6.929306e-09	2.537957e-09	3.658146e+01	7.094769e+02
4.720000e-06	6.858212e-09	2.528824e-09	3.620603e+01	7.069379e+02
4.730000e-06	6.786575e-09	2.520538e-09	3.582777e+01	7.046198e+02
4.740000e-06	6.714431e-09	2.512842e-09	3.544687e+01	7.024351e+02
4.750000e-06	6.641844e-09	2.505017e-09	3.506361e+01	7.002136e+02
4.760000e-06	6.568839e-09	2.496304e-09	3.467814e+01	6.977817e+02
4.770000e-06	6.495400e-09	2.486171e-09	3.429037e+01	6.949937e+02
4.780000e-06	6.421491e-09	2.475348e-09	3.390011e+01	6.920141e+02
4.790000e-06	6.347118e-09	2.465131e-09	3.350743e+01	6.891757e+02
4.800000e-06	6.272310e-09	2.455664e-09	3.311244e+01	6.865227e+02
4.810000e-06	6.197057e-09	2.446529e-09	3.271509e+01	6.839494e+02
4.820000e-06	6.121333e-09	2.437045e-09	3.231526e+01	6.812862e+02
4.830000e-06	6.045099e-09	2.426711e-09	3.191281e+01	6.784011e+02
4.840000e-06	5.968343e-09	2.415991e-09	3.150764e+01	6.754097e+02
4.850000e-06	5.891075e-09	2.405512e-09	3.109975e+01	6.724781e+02
4.860000e-06	5.813336e-09	2.394743e-09	3.068932e+01	6.694765e+02
4.870000e-06	5.735168e-09	2.383307e-09	3.027660e+01	6.662989e+02
4.880000e-06	5.656526e-09	2.371559e-09	2.986142e+01	6.630284e+02
4.890000e-06	5.577370e-09	2.360105e-09	2.944354e+01	6.598376e+02
4.900000e-06	5.497714e-09	2.349623e-09	2.902298e+01	6.569089e+02
4.910000e-06	5.417598e-09	2.339573e-09	2.859997e+01	6.540881e+02
4.920000e-06	5.337081e-09	2.328451e-09	2.817483e+01	6.509749e+02
4.930000e-06	5.256233e-09	2.316179e-09	2.774789e+01	6.475496e+02
4.940000e-06	5.175084e-09	2.303891e-09	2.731937e+01	6.441139e+02
4.950000e-06	5.093614e-09	2.292348e-09	2.688916e+01	6.408775e+02
4.960000e-06	5.011818e-09	2.280993e-09	2.645723e+01	6.376973e+02
4.970000e-06	4.929699e-09	2.268851e-09	2.602361e+01	6.343131e+02
4.980000e-06	4.847266e-09	2.255669e-09	2.558836e+01	6.306451e+02
4.990000e-06	4.764555e-09	2.242338e-09	2.515167e+01	6.269230e+02
5.000000e-06	4.681582e-09	2.229454e-09	2.471359e+01	6.233138e+02
5.010000e-06	4.598330e-09	2.216466e-09	2.427402e+01	6.196698e+02
5.020000e-06	4.514791e-09	2.203196e-09	2.383292e+01	6.159527e+02
5.030000e-06	4.430926e-09	2.189402e-09	2.339013e+01	6.121055e+02
5.040000e-06	4.346704e-09	2.175282e-09	2.294547e+01	6.081688e+02
5.050000e-06	4.262120e-09	2.161663e-09	2.249890e+01	6.043587e+02
5.060000e-06	4.177189e-09	2.148140e-09	2.205052e+01	6.005725e+02
5.070000e-06	4.091932e-09	2.133553e-09	2.160040e+01	5.964962e+02
5.080000e-06	4.006390e-09	2.118249e-09	2.114874e+01	5.922150e+02
5.090000e-06	3.920595e-09	2.103090e-09	2.069578e+01	5.879603e+02
5.100000e-06	3.834540e-09	2.088192e-09	2.024144e+01	5.837733e+02
5.110000e-06	3.748226e-09	2.073315e-09	1.978569e+01	5.796087e+02
5.120000e-06	3.661626e-09	2.057750e-09	1.932846e+01	5.752800e+02
5.130000e-06	3.574726e-09	2.041532e-09	1.886968e+01	5.707768e+02
5.140000e-06	3.487518e-09	2.025291e-09	1.840926e+01	5.662516e+02
5.150000e-06	3.399996e-09	2.008917e-09	1.794721e+01	5.616679e+02
5.160000e-06	3.312196e-09	1.992211e-09	1.748367e+01	5.569808e+02
5.170000e-06	3.224136e-09	1.975056e-09	1.701873e+01	5.521769e+02
5.180000e-06	3.135809e-09	1.957425e-09	1.655239e+01	5.472573e+02
5.190000e-06	3.047236e-09	1.939837e-09	1.608473e+01	5.423537e+02
5.200000e-06	2.958460e-09	1.922582e-09	1.561598e+01	5.375380e+02
5.210000e-06	2.869521e-09	1.905541e-09	1.514636e+01	5.327769e+02
5.220000e-06	2.780443e-09	1.888190e-09	1.467600e+01	5.279329e+02
5.230000e-06	2.691225e-09	1.869862e-09	1.420491e+01	5.228189e+02
5.240000e-06	2.601864e-09	1.851044e-09	1.373307e+01	5.175613e+02
5.250000e-06	2.512357e-09	1.832015e-09	1.326048e+01	5.122332e+02
5.260000e-06	2.422695e-09	1.812561e-09	1.278709e+01	5.067865e+02
5.270000e-06	2.332885e-09	1.792975e-09	1.231291e+01	5.013194e+02
5.280000e-06	2.242919e-09	1.772906e-09	1.183792e+01	4.957209e+02
5.290000e-06	2.152803e-09	1.752460e-09	1.136212e+01	4.900032e+02
5.300000e-06	2.062537e-09	1.732706e-09	1.088551e+01	4.844675e+02
5.310000e-06	1.972106e-09	1.712940e-09	1.040801e+01	4.789399e+02
5.320000e-06	1.881529e-09	1.692477e-09	9.929728e+00	4.732377e+02
5.330000e-06	1.790828e-09	1.671542e-09	9.450813e+00	4.674052e+02
5.340000e-06	1.700012e-09	1.649664e-09	8.971311e+00	4.613024e+02
5.350000e-06	1.609104e-09	1.627801e-09	8.491334e+00	4.551918e+02
5.360000e-06	1.518124e-09	1.606316e-09	8.010942e+00	4.491689e+02
5.370000e-06	1.427073e-09	1.583784e-09	7.530156e+00	4.428656e+02
5.380000e-06	1.335949e-09	1.560191e-09	7.049005e+00	4.362858e+02
5.390000e-06	1.244772e-09	1.536441e-09	6.567590e+00	4.296526e+02
5.400000e-06	1.153523e-09	1.513199e-09	6.085822e+00	4.231482e+02
5.410000e-06	1.062170e-09	1.489979e-09	5.603518e+00	4.166545e+02
5.420000e-06	9.707420e-10	1.465851e-09	5.120792e+00	4.099160e+02
5.430000e-06	8.792424e-10	1.440912e-09	4.637673e+00	4.029492e+02
5.440000e-06	7.876609e-10	1.415263e-09	4.154156e+00	3.957825e+02
5.450000e-06	6.960185e-10	1.389272e-09	3.670326e+00	3.885099e+02
5.460000e-06	6.043270e-10	1.362738e-09	3.186233e+00	3.810799e+02
5.470000e-06	5.125664e-10	1.335076e-09	2.701761e+00	3.733447e+02
5.480000e-06	4.207475e-10	1.306330e-09	2.216972e+00	3.653085e+02
5.490000e-06	3.288988e-10	1.276973e-09	1.732059e+00	3.570971e+02
5.500000e-06	2.370424e-10	1.247749e-09	1.247141e+00	3.489111e+02
5.510000e-06	1.452066e-10	1.218665e-09	7.622898e-01	3.407501e+02
5.520000e-06	5.340160e-11	1.189107e-09	2.775459e-01	3.324634e+02
5.530000e-06	-3.836938e-11	1.158543e-09	-2.069911e-01	3.239101e+02
5.540000e-06	-1.301278e-10	1.126757e-09	-6.914368e-01	3.150210e+02
5.550000e-06	-2.218929e-10	1.093969e-09	-1.175900e+00	3.058499e+02
5.560000e-06	-3.136600e-10	1.061097e-09	-1.660366e+00	2.966381e+02
5.570000e-06	-4.054154e-10	1.028194e-09	-2.144791e+00	2.873978e+02
5.580000e-06	-4.971311e-10	9.940210e-10	-2.629036e+00	2.778118e+02
5.590000e-06	-5.888188e-10	9.588067e-10	-3.113129e+00	2.679603e+02
5.600000e-06	-6.804792e-10	9.231138e-10	-3.597086e+00	2.579788e+02
5.610000e-06	-7.720837e-10	8.871056e-10	-4.080773e+00	2.478967e+02
5.620000e-06	-8.636266e-10	8.506100e-10	-4.564124e+00	2.376783e+02
5.630000e-06	-9.550931e-10	8.131650e-10	-5.047076e+00	2.272047e+02
5.640000e-06	-1.046469e-09	7.749108e-10	-5.529535e+00	2.164995e+02
5.650000e-06	-1.137762e-09	7.360973e-10	-6.011539e+00	2.056106e+02
5.660000e-06	-1.228970e-09	6.965358e-10	-6.493091e+00	1.944931e+02
5.670000e-06	-1.320072e-09	6.554955e-10	-6.974098e+00	1.829640e+02
5.680000e-06	-1.411078e-09	6.126800e-10	-7.454626e+00	1.709631e+02
5.690000e-06	-1.501995e-09	5.685415e-10	-7.934697e+00	1.586122e+02
5.700000e-06	-1.592815e-09	5.234364e-10	-8.414268e+00	1.459804e+02
5.710000e-06	-1.683559e-09	4.776193e-10	-8.893436e+00	1.331322e+02
5.720000e-06	-1.774213e-09	4.312193e-10	-9.372139e+00	1.201081e+02
5.730000e-06	-1.864751e-09	3.836518e-10	-9.850210e+00	1.067507e+02
5.740000e-06	-1.955169e-09	3.341812e-10	-1.032761e+01	9.286482e+01
5.750000e-06	-2.045461e-09	2.829988e-10	-1.080431e+01	7.850328e+01
5.760000e-06	-2.135613e-09	2.308980e-10	-1.128023e+01	6.388826e+01
5.770000e-06	-2.225601e-09	1.778535e-10	-1.175529e+01	4.901908e+01
5.780000e-06	-2.315425e-09	1.238243e-10	-1.222950e+01	3.389200e+01
5.790000e-06	-2.405091e-09	6.891366e-11	-1.270287e+01	1.852634e+01
5.800000e-06	-2.494587e-09	1.332970e-11	-1.317533e+01	2.948544e+00
5.810000e-06	-2.583904e-09	-4.236472e-11	-1.364687e+01	-1.268483e+01
5.820000e-06	-2.673060e-09	-9.850574e-11	-1.411762e+01	-2.844864e+01
5.830000e-06	-2.762072e-09	-1.560601e-10	-1.458757e+01	-4.460747e+01
5.840000e-06	-2.850930e-09	-2.149280e-10	-1.505670e+01	-6.112863e+01
5.850000e-06	-2.939624e-09	-2.744103e-10	-1.552498e+01	-7.780926e+01
5.860000e-06	-3.028147e-09	-3.338045e-10	-1.599237e+01	-9.445090e+01
5.870000e-06	-3.116484e-09	-3.926661e-10	-1.645881e+01	-1.109389e+02
5.880000e-06	-3.204598e-09	-4.511260e-10	-1.692411e+01	-1.273032e+02
5.890000e-06	-3.292473e-09	-5.093082e-10	-1.738812e+01	-1.435830e+02
5.900000e-06	-3.380072e-09	-5.666893e-10	-1.785068e+01	-1.596582e+02
5.910000e-06	-3.467371e-09	-6.227198e-10	-1.831165e+01	-1.753688e+02
5.920000e-06	-3.554366e-09	-6.778224e-10	-1.877098e+01	-1.908135e+02
5.930000e-06	-3.641065e-09	-7.324584e-10	-1.922877e+01	-2.061129e+02
5.940000e-06	-3.727473e-09	-7.863734e-10	-1.968499e+01	-2.211999e+02
5.950000e-06	-3.813578e-09	-8.393806e-10	-2.013957e+01	-2.360229e+02
5.960000e-06	-3.899394e-09	-8.914410e-10	-2.059257e+01	-2.505730e+02
5.970000e-06	-3.984929e-09	-9.423356e-10	-2.104405e+01	-2.647972e+02
5.980000e-06	-4.070156e-09	-9.923076e-10	-2.149393e+01	-2.787605e+02
5.990000e-06	-4.155076e-09	-1.041316e-09	-2.194221e+01	-2.924575e+02
6.000000e-06	-4.239699e-09	-1.088933e-09	-2.238897e+01	-3.057860e+02
6.010000e-06	-4.323999e-09	-1.135101e-09	-2.283402e+01	-3.187165e+02
6.020000e-06	-4.407969e-09	-1.180180e-09	-2.327729e+01	-3.313329e+02
6.030000e-06	-4.491603e-09	-1.224755e-09	-2.371881e+01	-3.437893e+02
6.040000e-06	-4.574921e-09	-1.268562e-09	-2.415870e+01	-3.560125e+02
6.050000e-06	-4.657939e-09	-1.310896e-09	-2.459703e+01	-3.678261e+02
6.060000e-06	-4.740655e-09	-1.351695e-09	-2.503374e+01	-3.792118e+02
6.070000e-06	-4.823072e-09	-1.391328e-09	-2.546887e+01	-3.902747e+02
6.080000e-06	-4.905168e-09	-1.430062e-09	-2.590234e+01	-4.010872e+02
6.090000e-06	-4.986927e-09	-1.467848e-09	-2.633400e+01	-4.116283e+02
6.100000e-06	-5.068352e-09	-1.504480e-09	-2.676389e+01	-4.218546e+02
6.110000e-06	-5.149475e-09	-1.540012e-09	-2.719215e+01	-4.317877e+02
6.120000e-06	-5.230303e-09	-1.574967e-09	-2.761884e+01	-4.415619e+02
6.130000e-06	-5.310799e-09	-1.609770e-09	-2.804380e+01	-4.512801e+02
6.140000e-06	-5.390926e-09	-1.644125e-09	-2.846682e+01	-4.608607e+02
6.150000e-06	-5.470651e-09	-1.677545e-09	-2.888774e+01	-4.701790e+02
6.160000e-06	-5.549925e-09	-1.709901e-09	-2.930631e+01	-4.791982e+02
6.170000e-06	-5.628708e-09	-1.741150e-09	-2.972230e+01	-4.879067e+02
6.180000e-06	-5.706991e-09	-1.771134e-09	-3.013562e+01	-4.962642e+02
6.190000e-06	-5.784790e-09	-1.799796e-09	-3.054633e+01	-5.042647e+02
6.200000e-06	-5.862101e-09	-1.827724e-09	-3.095441e+01	-5.120734e+02
6.210000e-06	-5.938898e-09	-1.855491e-09	-3.135978e+01	-5.198335e+02
6.220000e-06	-6.015167e-09	-1.882961e-09	-3.176238e+01	-5.274933e+02
6.230000e-06	-6.090933e-09	-1.909707e-09	-3.216236e+01	-5.349317e+02
6.240000e-06	-6.166250e-09	-1.935435e-09	-3.255999e+01	-5.420744e+02
6.250000e-06	-6.241135e-09	-1.959943e-09	-3.295535e+01	-5.488865e+02
6.260000e-06	-6.315580e-09	-1.983180e-09	-3.334836e+01	-5.553652e+02
6.270000e-06	-6.389573e-09	-2.005589e-09	-3.373899e+01	-5.616208e+02
6.280000e-06	-6.463139e-09	-2.027908e-09	-3.412738e+01	-5.678462e+02
6.290000e-06	-6.536312e-09	-2.050158e-09	-3.451370e+01	-5.740445e+02
6.300000e-06	-6.609078e-09	-2.071669e-09	-3.489786e+01	-5.800384e+02
6.310000e-06	-6.681423e-09	-2.092494e-09	-3.527982e+01	-5.858483e+02
6.320000e-06	-6.753324e-09	-2.113401e-09	-3.565947e+01	-5.916755e+02
6.330000e-06	-6.824730e-09	-2.134231e-09	-3.603651e+01	-5.974649e+02
6.340000e-06	-6.895592e-09	-2.154256e-09	-3.641067e+01	-6.030345e+02
6.350000e-06	-6.965882e-09	-2.173524e-09	-3.678178e+01	-6.084121e+02
6.360000e-06	-7.035615e-09	-2.192059e-09	-3.714991e+01	-6.135904e+02
6.370000e-06	-7.104798e-09	-2.210214e-09	-3.751515e+01	-6.186557e+02
6.380000e-06	-7.173442e-09	-2.228524e-09	-3.787758e+01	-6.237485e+02
6.390000e-06	-7.241574e-09	-2.246786e-09	-3.823735e+01	-6.288155e+02
6.400000e-06	-7.309220e-09	-2.264513e-09	-3.859458e+01	-6.337448e+02
6.410000e-06	-7.376410e-09	-2.281688e-09	-3.894940e+01	-6.385416e+02
6.420000e-06	-7.443144e-09	-2.298399e-09	-3.930181e+01	-6.432079e+02
6.430000e-06	-7.509390e-09	-2.314567e-09	-3.965164e+01	-6.477015e+02
6.440000e-06	-7.575126e-09	-2.330178e-09	-3.999877e+01	-6.520282e+02
6.450000e-06	-7.640350e-09	-2.345227e-09	-4.034313e+01	-6.562078e+02
6.460000e-06	-7.705061e-09	-2.360010e-09	-4.068479e+01	-6.603276e+02
6.470000e-06	-7.769275e-09	-2.374754e-09	-4.102387e+01	-6.644346e+02
6.480000e-06	-7.832952e-09	-2.389095e-09	-4.136011e+01	-6.684221e+02
6.490000e-06	-7.896027e-09	-2.402849e-09	-4.169317e+01	-6.722428e+02
6.500000e-06	-7.958469e-09	-2.416130e-09	-4.202286e+01	-6.759337e+02
6.510000e-06	-8.020251e-09	-2.428881e-09	-4.234903e+01	-6.794852e+02
6.520000e-06	-8.081391e-09	-2.441303e-09	-4.267181e+01	-6.829396e+02
6.530000e-06	-8.141933e-09	-2.453449e-09	-4.299143e+01	-6.863038e+02
6.540000e-06	-8.201918e-09	-2.465219e-09	-4.330813e+01	-6.895659e+02
6.550000e-06	-8.261368e-09	-2.476858e-09	-4.362206e+01	-6.928002e+02
6.560000e-06	-8.320284e-09	-2.488287e-09	-4.393314e+01	-6.959854e+02
6.570000e-06	-8.378640e-09	-2.499492e-09	-4.424122e+01	-6.991072e+02
6.580000e-06	-8.436399e-09	-2.510345e-09	-4.454615e+01	-7.021150e+02
6.590000e-06	-8.493570e-09	-2.520421e-09	-4.484797e+01	-7.049025e+02
6.600000e-06	-8.550167e-09	-2.530155e-09	-4.514675e+01	-7.076046e+02
6.610000e-06	-8.606183e-09	-2.539807e-09	-4.544249e+01	-7.102969e+02
6.620000e-06	-8.661580e-09	-2.549351e-09	-4.573499e+01	-7.129601e+02
6.630000e-06	-8.716255e-09	-2.559151e-09	-4.602370e+01	-7.156828e+02
6.640000e-06	-8.770131e-09	-2.568945e-09	-4.630816e+01	-7.183888e+02
6.650000e-06	-8.823213e-09	-2.578146e-09	-4.658840e+01	-7.209332e+02
6.660000e-06	-8.875560e-09	-2.587020e-09	-4.686481e+01	-7.234040e+02
6.670000e-06	-8.927242e-09	-2.595679e-09	-4.713772e+01	-7.258134e+02
6.680000e-06	-8.978267e-09	-2.603846e-09	-4.740714e+01	-7.280823e+02
6.690000e-06	-9.028587e-09	-2.611762e-09	-4.767285e+01	-7.302826e+02
6.700000e-06	-9.078120e-09	-2.619767e-09	-4.793439e+01	-7.325086e+02
6.710000e-06	-9.126810e-09	-2.627677e-09	-4.819145e+01	-7.347108e+02
6.720000e-06	-9.174647e-09	-2.635406e-09	-4.844398e+01	-7.368621e+02
6.730000e-06	-9.221717e-09	-2.642994e-09	-4.869246e+01	-7.389631e+02
6.740000e-06	-9.268166e-09	-2.650415e-09	-4.893774e+01	-7.410130e+02
6.750000e-06	-9.314056e-09	-2.657675e-09	-4.918006e+01	-7.430325e+02
6.760000e-06	-9.359363e-09	-2.665005e-09	-4.941925e+01	-7.450865e+02
6.770000e-06	-9.404094e-09	-2.672395e-09	-4.965539e+01	-7.471582e+02
6.780000e-06	-9.448291e-09	-2.679276e-09	-4.988873e+01	-7.490785e+02
6.790000e-06	-9.491967e-09	-2.685960e-09	-5.011933e+01	-7.509339e+02
6.800000e-06	-9.535088e-09	-2.692464e-09	-5.034698e+01	-7.527358e+02
6.810000e-06	-9.577602e-09	-2.698699e-09	-5.057143e+01	-7.544618e+02
6.820000e-06	-9.619481e-09	-2.705119e-09	-5.079254e+01	-7.562423e+02
6.830000e-06	-9.660706e-09	-2.711528e-09	-5.101019e+01	-7.580302e+02
6.840000e-06	-9.701305e-09	-2.717718e-09	-5.122454e+01	-7.597616e+02
6.850000e-06	-9.741330e-09	-2.723826e-09	-5.143588e+01	-7.614739e+02
6.860000e-06	-9.780722e-09	-2.730016e-09	-5.164386e+01	-7.632058e+02
6.870000e-06	-9.819287e-09	-2.736105e-09	-5.184742e+01	-7.648893e+02
6.880000e-06	-9.856918e-09	-2.741450e-09	-5.204603e+01	-7.663643e+02
6.890000e-06	-9.893718e-09	-2.746191e-09	-5.224027e+01	-7.676787e+02
6.900000e-06	-9.929853e-09	-2.751087e-09	-5.243103e+01	-7.690376e+02
6.910000e-06	-9.965379e-09	-2.756513e-09	-5.261859e+01	-7.705543e+02
6.920000e-06	-1.000025e-08	-2.762332e-09	-5.280270e+01	-7.721827e+02
6.930000e-06	-1.003441e-08	-2.767699e-09	-5.298304e+01	-7.736790e+02
6.940000e-06	-1.006786e-08	-2.772452e-09	-5.315967e+01	-7.749956e+02
6.950000e-06	-1.010065e-08	-2.776988e-09	-5.333279e+01	-7.762524e+02
6.960000e-06	-1.013285e-08	-2.781517e-09	-5.350278e+01	-7.775218e+02
6.970000e-06	-1.016442e-08	-2.785989e-09	-5.366948e+01	-7.787808e+02
6.980000e-06	-1.019515e-08	-2.790154e-09	-5.383168e+01	-7.799530e+02
6.990000e-06	-1.022487e-08	-2.794327e-09	-5.398851e+01	-7.811147e+02
7.000000e-06	-1.025368e-08	-2.798636e-09	-5.414059e+01	-7.823021e+02
7.010000e-06	-1.028182e-08	-2.802898e-09	-5.428914e+01	-7.834819e+02
7.020000e-06	-1.030934e-08	-2.806979e-09	-5.443440e+01	-7.846195e+02
7.030000e-06	-1.033615e-08	-2.810500e-09	-5.457590e+01	-7.856099e+02
7.040000e-06	-1.036221e-08	-2.813526e-09	-5.471347e+01	-7.864685e+02
7.050000e-06	-1.038752e-08	-2.816703e-09	-5.484702e+01	-7.873720e+02
7.060000e-06	-1.041214e-08	-2.820169e-09	-5.497697e+01	-7.883475e+02
7.070000e-06	-1.043622e-08	-2.823673e-09	-5.510408e+01	-7.893167e+02
7.080000e-06	-1.045971e-08	-2.826994e-09	-5.522807e+01	-7.902248e+02
7.090000e-06	-1.048232e-08	-2.829915e-09	-5.534742e+01	-7.910195e+02
7.100000e-06	-1.050390e-08	-2.833011e-09	-5.546127e+01	-7.918685e+02
7.110000e-06	-1.052459e-08	-2.836244e-09	-5.557043e+01	-7.927698e+02
7.120000e-06	-1.054463e-08	-2.838797e-09	-5.567616e+01	-7.935023e+02
7.130000e-06	-1.056404e-08	-2.840922e-09	-5.577861e+01	-7.941177e+02
7.140000e-06	-1.058275e-08	-2.843353e-09	-5.587730e+01	-7.948011e+02
7.150000e-06	-1.060073e-08	-2.846140e-09	-5.597220e+01	-7.955719e+02
7.160000e-06	-1.061797e-08	-2.849088e-09	-5.606319e+01	-7.963750e+02
7.170000e-06	-1.063453e-08	-2.852199e-09	-5.615055e+01	-7.972124e+02
7.180000e-06	-1.065052e-08	-2.854770e-09	-5.623490e+01	-7.979092e+02
7.190000e-06	-1.066578e-08	-2.856322e-09	-5.631542e+01	-7.983450e+02
7.200000e-06	-1.067996e-08	-2.857537e-09	-5.639022e+01	-7.987053e+02
7.210000e-06	-1.069302e-08	-2.859066e-09	-5.645907e+01	-7.991515e+02
7.220000e-06	-1.070520e-08	-2.860956e-09	-5.652332e+01	-7.996846e+02
7.230000e-06	-1.071663e-08	-2.863148e-09	-5.658361e+01	-8.002919e+02
7.240000e-06	-1.072732e-08	-2.865317e-09	-5.663997e+01	-8.008871e+02
7.250000e-06	-1.073727e-08	-2.867250e-09	-5.669248e+01	-8.014167e+02
7.260000e-06	-1.074646e-08	-2.868828e-09	-5.674095e+01	-8.018562e+02
7.270000e-06	-1.075497e-08	-2.869682e-09	-5.678577e+01	-8.021031e+02
7.280000e-06	-1.076291e-08	-2.870161e-09	-5.682768e+01	-8.022440e+02
7.290000e-06	-1.077015e-08	-2.870856e-09	-5.686587e+01	-8.024401e+02
7.300000e-06	-1.077640e-08	-2.872022e-09	-5.689873e+01	-8.027527e+02
7.310000e-06	-1.078157e-08	-2.873629e-09	-5.692597e+01	-8.031814e+02
7.320000e-06	-1.078596e-08	-2.875269e-09	-5.694908e+01	-8.036268e+02
7.330000e-06	-1.078975e-08	-2.876525e-09	-5.696907e+01	-8.039811e+02
7.340000e-06	-1.079287e-08	-2.877319e-09	-5.698553e+01	-8.042225e+02
7.350000e-06	-1.079530e-08	-2.877704e-09	-5.699828e+01	-8.043439e+02
7.360000e-06	-1.079702e-08	-2.877971e-09	-5.700733e+01	-8.044228e+02
7.370000e-06	-1.079795e-08	-2.878422e-09	-5.701220e+01	-8.045400e+02
