# Temperatura_=_21.678124999999998
# Concentracion g/m^3_=_10000.0
# C_Vs_to_Am_M_A/Vsm_=_254322799225.57578
# pendiente_HvsI_1/m_=_3716.3
# ordenada_HvsI_A/m_=_1297.0
# frecuencia_Hz_=_135553.98542774696
# Promedio de 32 ciclos

Tiempo_(s)	Campo_(V.s)	Magnetizacion_(V.s)	Campo_(kA/m)	Magnetizacion_(A/m)
0.000000e+00	-1.066821e-08	-4.693188e-09	-5.702323e+01	-1.402594e+03
1.000000e-08	-1.066815e-08	-4.693603e-09	-5.702297e+01	-1.402699e+03
2.000000e-08	-1.066741e-08	-4.694009e-09	-5.701914e+01	-1.402820e+03
3.000000e-08	-1.066571e-08	-4.694426e-09	-5.701025e+01	-1.402944e+03
4.000000e-08	-1.066300e-08	-4.694383e-09	-5.699597e+01	-1.402934e+03
5.000000e-08	-1.065949e-08	-4.693971e-09	-5.697736e+01	-1.402810e+03
6.000000e-08	-1.065544e-08	-4.693261e-09	-5.695572e+01	-1.402600e+03
7.000000e-08	-1.065080e-08	-4.692618e-09	-5.693105e+01	-1.402391e+03
8.000000e-08	-1.064545e-08	-4.692579e-09	-5.690259e+01	-1.402300e+03
9.000000e-08	-1.063926e-08	-4.692675e-09	-5.686972e+01	-1.402253e+03
1.000000e-07	-1.063204e-08	-4.688813e-09	-5.683138e+01	-1.401317e+03
1.100000e-07	-1.062350e-08	-4.683348e-09	-5.678598e+01	-1.399940e+03
1.200000e-07	-1.061355e-08	-4.686152e-09	-5.673311e+01	-1.400508e+03
1.300000e-07	-1.060279e-08	-4.694272e-09	-5.667572e+01	-1.402392e+03
1.400000e-07	-1.059191e-08	-4.693642e-09	-5.661746e+01	-1.402361e+03
1.500000e-07	-1.058057e-08	-4.677664e-09	-5.655684e+01	-1.398658e+03
1.600000e-07	-1.056813e-08	-4.669265e-09	-5.649058e+01	-1.395933e+03
1.700000e-07	-1.055486e-08	-4.687096e-09	-5.641982e+01	-1.399308e+03
1.800000e-07	-1.054111e-08	-4.688212e-09	-5.634639e+01	-1.399969e+03
1.900000e-07	-1.052628e-08	-4.663812e-09	-5.626736e+01	-1.394572e+03
2.000000e-07	-1.051014e-08	-4.669510e-09	-5.618130e+01	-1.395228e+03
2.100000e-07	-1.049337e-08	-4.694094e-09	-5.609181e+01	-1.401346e+03
2.200000e-07	-1.047618e-08	-4.685761e-09	-5.600001e+01	-1.400536e+03
2.300000e-07	-1.045814e-08	-4.664843e-09	-5.590371e+01	-1.395047e+03
2.400000e-07	-1.043930e-08	-4.676481e-09	-5.580310e+01	-1.396604e+03
2.500000e-07	-1.041997e-08	-4.681937e-09	-5.569977e+01	-1.398243e+03
2.600000e-07	-1.039999e-08	-4.658786e-09	-5.559306e+01	-1.392794e+03
2.700000e-07	-1.037924e-08	-4.664447e-09	-5.548225e+01	-1.393050e+03
2.800000e-07	-1.035788e-08	-4.689573e-09	-5.536818e+01	-1.399446e+03
2.900000e-07	-1.033578e-08	-4.679202e-09	-5.525019e+01	-1.398144e+03
3.000000e-07	-1.031279e-08	-4.668206e-09	-5.512742e+01	-1.395073e+03
3.100000e-07	-1.028923e-08	-4.686086e-09	-5.500148e+01	-1.399375e+03
3.200000e-07	-1.026519e-08	-4.679076e-09	-5.487297e+01	-1.398862e+03
3.300000e-07	-1.024034e-08	-4.652298e-09	-5.474028e+01	-1.391922e+03
3.400000e-07	-1.021456e-08	-4.660273e-09	-5.460271e+01	-1.392636e+03
3.500000e-07	-1.018796e-08	-4.667958e-09	-5.446061e+01	-1.394850e+03
3.600000e-07	-1.016058e-08	-4.644796e-09	-5.431430e+01	-1.389070e+03
3.700000e-07	-1.013253e-08	-4.649013e-09	-5.416443e+01	-1.388850e+03
3.800000e-07	-1.010385e-08	-4.670618e-09	-5.401125e+01	-1.394409e+03
3.900000e-07	-1.007444e-08	-4.656322e-09	-5.385415e+01	-1.391220e+03
4.000000e-07	-1.004424e-08	-4.649606e-09	-5.369288e+01	-1.388542e+03
4.100000e-07	-1.001335e-08	-4.664972e-09	-5.352778e+01	-1.392313e+03
4.200000e-07	-9.981823e-09	-4.653597e-09	-5.335930e+01	-1.389759e+03
4.300000e-07	-9.949755e-09	-4.643443e-09	-5.318793e+01	-1.386322e+03
4.400000e-07	-9.917020e-09	-4.652309e-09	-5.301310e+01	-1.388420e+03
4.500000e-07	-9.883358e-09	-4.641259e-09	-5.283341e+01	-1.386019e+03
4.600000e-07	-9.848717e-09	-4.628136e-09	-5.264842e+01	-1.382006e+03
4.700000e-07	-9.813279e-09	-4.630711e-09	-5.245907e+01	-1.382298e+03
4.800000e-07	-9.777265e-09	-4.622718e-09	-5.226661e+01	-1.380451e+03
4.900000e-07	-9.740703e-09	-4.614566e-09	-5.207124e+01	-1.377814e+03
5.000000e-07	-9.703474e-09	-4.615411e-09	-5.187238e+01	-1.377698e+03
5.100000e-07	-9.665500e-09	-4.605873e-09	-5.166956e+01	-1.375397e+03
5.200000e-07	-9.626824e-09	-4.597445e-09	-5.146295e+01	-1.372786e+03
5.300000e-07	-9.587513e-09	-4.597932e-09	-5.125294e+01	-1.372554e+03
5.400000e-07	-9.547641e-09	-4.589408e-09	-5.103994e+01	-1.370431e+03
5.500000e-07	-9.507162e-09	-4.579432e-09	-5.082373e+01	-1.367458e+03
5.600000e-07	-9.465854e-09	-4.577646e-09	-5.060311e+01	-1.366538e+03
5.700000e-07	-9.423574e-09	-4.571001e-09	-5.037728e+01	-1.364750e+03
5.800000e-07	-9.380398e-09	-4.561588e-09	-5.014663e+01	-1.362023e+03
5.900000e-07	-9.336554e-09	-4.557463e-09	-4.991234e+01	-1.360571e+03
6.000000e-07	-9.292189e-09	-4.551404e-09	-4.967526e+01	-1.358863e+03
6.100000e-07	-9.247270e-09	-4.541792e-09	-4.943522e+01	-1.356114e+03
6.200000e-07	-9.201716e-09	-4.534319e-09	-4.919179e+01	-1.353812e+03
6.300000e-07	-9.155510e-09	-4.527989e-09	-4.894487e+01	-1.351921e+03
6.400000e-07	-9.108661e-09	-4.521801e-09	-4.869446e+01	-1.349988e+03
6.500000e-07	-9.061166e-09	-4.514681e-09	-4.844066e+01	-1.347794e+03
6.600000e-07	-9.013023e-09	-4.505741e-09	-4.818348e+01	-1.345224e+03
6.700000e-07	-8.964135e-09	-4.497508e-09	-4.792234e+01	-1.342785e+03
6.800000e-07	-8.914364e-09	-4.489586e-09	-4.765644e+01	-1.340402e+03
6.900000e-07	-8.863638e-09	-4.480227e-09	-4.738541e+01	-1.337683e+03
7.000000e-07	-8.812039e-09	-4.471778e-09	-4.710972e+01	-1.335152e+03
7.100000e-07	-8.759734e-09	-4.463325e-09	-4.683025e+01	-1.332633e+03
7.200000e-07	-8.706790e-09	-4.453279e-09	-4.654739e+01	-1.329714e+03
7.300000e-07	-8.653240e-09	-4.444969e-09	-4.626130e+01	-1.327170e+03
7.400000e-07	-8.599121e-09	-4.438379e-09	-4.597208e+01	-1.325089e+03
7.500000e-07	-8.544456e-09	-4.428204e-09	-4.567991e+01	-1.322143e+03
7.600000e-07	-8.489263e-09	-4.416071e-09	-4.538492e+01	-1.318633e+03
7.700000e-07	-8.433554e-09	-4.406210e-09	-4.508722e+01	-1.315683e+03
7.800000e-07	-8.377279e-09	-4.396636e-09	-4.478657e+01	-1.312856e+03
7.900000e-07	-8.320361e-09	-4.386747e-09	-4.448257e+01	-1.309930e+03
8.000000e-07	-8.262744e-09	-4.377756e-09	-4.417477e+01	-1.307214e+03
8.100000e-07	-8.204371e-09	-4.367717e-09	-4.386289e+01	-1.304254e+03
8.200000e-07	-8.145262e-09	-4.355965e-09	-4.354706e+01	-1.300838e+03
8.300000e-07	-8.085498e-09	-4.344739e-09	-4.322765e+01	-1.297504e+03
8.400000e-07	-8.025184e-09	-4.334436e-09	-4.290529e+01	-1.294388e+03
8.500000e-07	-7.964378e-09	-4.323463e-09	-4.258034e+01	-1.291120e+03
8.600000e-07	-7.903069e-09	-4.311740e-09	-4.225270e+01	-1.287667e+03
8.700000e-07	-7.841246e-09	-4.300627e-09	-4.192231e+01	-1.284374e+03
8.800000e-07	-7.778916e-09	-4.289758e-09	-4.158920e+01	-1.281157e+03
8.900000e-07	-7.716127e-09	-4.278356e-09	-4.125363e+01	-1.277793e+03
9.000000e-07	-7.652891e-09	-4.266678e-09	-4.091567e+01	-1.274315e+03
9.100000e-07	-7.589171e-09	-4.254723e-09	-4.057515e+01	-1.270750e+03
9.200000e-07	-7.524918e-09	-4.242543e-09	-4.023190e+01	-1.267127e+03
9.300000e-07	-7.460086e-09	-4.230727e-09	-3.988557e+01	-1.263582e+03
9.400000e-07	-7.394613e-09	-4.218992e-09	-3.953578e+01	-1.260061e+03
9.500000e-07	-7.328489e-09	-4.206330e-09	-3.918255e+01	-1.256318e+03
9.600000e-07	-7.261761e-09	-4.192522e-09	-3.882605e+01	-1.252286e+03
9.700000e-07	-7.194478e-09	-4.179196e-09	-3.846655e+01	-1.248364e+03
9.800000e-07	-7.126699e-09	-4.166691e-09	-3.810438e+01	-1.244619e+03
9.900000e-07	-7.058444e-09	-4.154434e-09	-3.773967e+01	-1.240890e+03
1.000000e-06	-6.989746e-09	-4.141773e-09	-3.737267e+01	-1.237051e+03
1.010000e-06	-6.920625e-09	-4.127988e-09	-3.700341e+01	-1.232963e+03
1.020000e-06	-6.851071e-09	-4.113358e-09	-3.663181e+01	-1.228682e+03
1.030000e-06	-6.781078e-09	-4.098613e-09	-3.625775e+01	-1.224359e+03
1.040000e-06	-6.710634e-09	-4.084255e-09	-3.588122e+01	-1.220088e+03
1.050000e-06	-6.639737e-09	-4.069876e-09	-3.550236e+01	-1.215768e+03
1.060000e-06	-6.568365e-09	-4.054916e-09	-3.512105e+01	-1.211300e+03
1.070000e-06	-6.496493e-09	-4.039788e-09	-3.473709e+01	-1.206784e+03
1.080000e-06	-6.424092e-09	-4.024572e-09	-3.435028e+01	-1.202235e+03
1.090000e-06	-6.351150e-09	-4.009212e-09	-3.396061e+01	-1.197647e+03
1.100000e-06	-6.277672e-09	-3.993695e-09	-3.356809e+01	-1.193021e+03
1.110000e-06	-6.203646e-09	-3.977475e-09	-3.317263e+01	-1.188217e+03
1.120000e-06	-6.129090e-09	-3.960707e-09	-3.277432e+01	-1.183249e+03
1.130000e-06	-6.054009e-09	-3.943957e-09	-3.237314e+01	-1.178239e+03
1.140000e-06	-5.978400e-09	-3.927252e-09	-3.196918e+01	-1.173210e+03
1.150000e-06	-5.902315e-09	-3.910440e-09	-3.156269e+01	-1.168168e+03
1.160000e-06	-5.825821e-09	-3.893248e-09	-3.115398e+01	-1.163064e+03
1.170000e-06	-5.748931e-09	-3.875280e-09	-3.074311e+01	-1.157762e+03
1.180000e-06	-5.671621e-09	-3.857279e-09	-3.033006e+01	-1.152418e+03
1.190000e-06	-5.593871e-09	-3.839387e-09	-2.991471e+01	-1.147072e+03
1.200000e-06	-5.515625e-09	-3.821122e-09	-2.949676e+01	-1.141595e+03
1.210000e-06	-5.436867e-09	-3.802376e-09	-2.907607e+01	-1.135968e+03
1.220000e-06	-5.357623e-09	-3.783055e-09	-2.865271e+01	-1.130193e+03
1.230000e-06	-5.277914e-09	-3.763221e-09	-2.822680e+01	-1.124297e+03
1.240000e-06	-5.197764e-09	-3.743198e-09	-2.779848e+01	-1.118357e+03
1.250000e-06	-5.117207e-09	-3.723001e-09	-2.736800e+01	-1.112378e+03
1.260000e-06	-5.036252e-09	-3.702591e-09	-2.693544e+01	-1.106325e+03
1.270000e-06	-4.954942e-09	-3.682108e-09	-2.650098e+01	-1.100220e+03
1.280000e-06	-4.873325e-09	-3.661646e-09	-2.606481e+01	-1.094094e+03
1.290000e-06	-4.791413e-09	-3.640979e-09	-2.562703e+01	-1.087898e+03
1.300000e-06	-4.709224e-09	-3.620043e-09	-2.518775e+01	-1.081643e+03
1.310000e-06	-4.626769e-09	-3.598774e-09	-2.474704e+01	-1.075328e+03
1.320000e-06	-4.544068e-09	-3.576653e-09	-2.430501e+01	-1.068805e+03
1.330000e-06	-4.461124e-09	-3.553917e-09	-2.386166e+01	-1.062091e+03
1.340000e-06	-4.377894e-09	-3.531081e-09	-2.341681e+01	-1.055307e+03
1.350000e-06	-4.294348e-09	-3.508299e-09	-2.297032e+01	-1.048510e+03
1.360000e-06	-4.210494e-09	-3.485768e-09	-2.252224e+01	-1.041756e+03
1.370000e-06	-4.126343e-09	-3.462969e-09	-2.207253e+01	-1.034925e+03
1.380000e-06	-4.041922e-09	-3.439430e-09	-2.162133e+01	-1.027902e+03
1.390000e-06	-3.957262e-09	-3.415466e-09	-2.116883e+01	-1.020770e+03
1.400000e-06	-3.872397e-09	-3.391159e-09	-2.071523e+01	-1.013548e+03
1.410000e-06	-3.787326e-09	-3.366400e-09	-2.026054e+01	-1.006190e+03
1.420000e-06	-3.702043e-09	-3.341202e-09	-1.980476e+01	-9.986963e+02
1.430000e-06	-3.616549e-09	-3.315890e-09	-1.934787e+01	-9.911551e+02
1.440000e-06	-3.530822e-09	-3.290688e-09	-1.888972e+01	-9.836326e+02
1.450000e-06	-3.444878e-09	-3.264847e-09	-1.843040e+01	-9.759320e+02
1.460000e-06	-3.358728e-09	-3.238022e-09	-1.796997e+01	-9.679566e+02
1.470000e-06	-3.272344e-09	-3.210898e-09	-1.750824e+01	-9.598773e+02
1.480000e-06	-3.185729e-09	-3.183350e-09	-1.704522e+01	-9.516616e+02
1.490000e-06	-3.098892e-09	-3.155599e-09	-1.658106e+01	-9.433754e+02
1.500000e-06	-3.011817e-09	-3.127724e-09	-1.611571e+01	-9.350560e+02
1.510000e-06	-2.924498e-09	-3.099461e-09	-1.564906e+01	-9.266325e+02
1.520000e-06	-2.836975e-09	-3.070777e-09	-1.518130e+01	-9.180749e+02
1.530000e-06	-2.749268e-09	-3.041135e-09	-1.471255e+01	-9.092370e+02
1.540000e-06	-2.661384e-09	-3.010627e-09	-1.424294e+01	-9.001458e+02
1.550000e-06	-2.573324e-09	-2.979226e-09	-1.377242e+01	-8.908136e+02
1.560000e-06	-2.485087e-09	-2.947150e-09	-1.330093e+01	-8.812864e+02
1.570000e-06	-2.396679e-09	-2.915107e-09	-1.282854e+01	-8.717229e+02
1.580000e-06	-2.308111e-09	-2.883073e-09	-1.235526e+01	-8.621285e+02
1.590000e-06	-2.219378e-09	-2.850929e-09	-1.188103e+01	-8.525025e+02
1.600000e-06	-2.130469e-09	-2.818586e-09	-1.140588e+01	-8.428352e+02
1.610000e-06	-2.041390e-09	-2.785931e-09	-1.092989e+01	-8.330745e+02
1.620000e-06	-1.952154e-09	-2.752536e-09	-1.045297e+01	-8.230923e+02
1.630000e-06	-1.862770e-09	-2.717809e-09	-9.975216e+00	-8.127364e+02
1.640000e-06	-1.773223e-09	-2.681892e-09	-9.496629e+00	-8.020464e+02
1.650000e-06	-1.683515e-09	-2.645394e-09	-9.017206e+00	-7.911949e+02
1.660000e-06	-1.593680e-09	-2.608868e-09	-8.537100e+00	-7.803105e+02
1.670000e-06	-1.503756e-09	-2.572818e-09	-8.056470e+00	-7.695076e+02
1.680000e-06	-1.413761e-09	-2.536765e-09	-7.575390e+00	-7.586954e+02
1.690000e-06	-1.323704e-09	-2.499909e-09	-7.093979e+00	-7.476761e+02
1.700000e-06	-1.233574e-09	-2.462280e-09	-6.612247e+00	-7.364442e+02
1.710000e-06	-1.143355e-09	-2.423954e-09	-6.130095e+00	-7.250147e+02
1.720000e-06	-1.053063e-09	-2.384634e-09	-5.647559e+00	-7.132831e+02
1.730000e-06	-9.627041e-10	-2.344276e-09	-5.164670e+00	-7.012325e+02
1.740000e-06	-8.722706e-10	-2.303570e-09	-4.681376e+00	-6.890650e+02
1.750000e-06	-7.817402e-10	-2.262624e-09	-4.197564e+00	-6.768162e+02
1.760000e-06	-6.911179e-10	-2.221318e-09	-3.713217e+00	-6.644341e+02
1.770000e-06	-6.004002e-10	-2.179347e-09	-3.228374e+00	-6.518227e+02
1.780000e-06	-5.095965e-10	-2.135919e-09	-2.743106e+00	-6.387901e+02
1.790000e-06	-4.187488e-10	-2.091161e-09	-2.257559e+00	-6.253867e+02
1.800000e-06	-3.278404e-10	-2.045440e-09	-1.771734e+00	-6.117262e+02
1.810000e-06	-2.368972e-10	-1.998735e-09	-1.285765e+00	-5.977969e+02
1.820000e-06	-1.459819e-10	-1.951176e-09	-7.998898e-01	-5.836108e+02
1.830000e-06	-5.511054e-11	-1.902889e-09	-3.142299e-01	-5.691888e+02
1.840000e-06	3.572636e-11	-1.853975e-09	1.712185e-01	-5.545619e+02
1.850000e-06	1.265232e-10	-1.804645e-09	6.564305e-01	-5.397931e+02
1.860000e-06	2.172908e-10	-1.755004e-09	1.141493e+00	-5.249032e+02
1.870000e-06	3.080520e-10	-1.704521e-09	1.626567e+00	-5.097477e+02
1.880000e-06	3.988059e-10	-1.652437e-09	2.111599e+00	-4.941388e+02
1.890000e-06	4.895456e-10	-1.598572e-09	2.596587e+00	-4.780304e+02
1.900000e-06	5.802705e-10	-1.543256e-09	3.081504e+00	-4.614904e+02
1.910000e-06	6.709852e-10	-1.487009e-09	3.566289e+00	-4.446502e+02
1.920000e-06	7.616664e-10	-1.429560e-09	4.050876e+00	-4.274435e+02
1.930000e-06	8.522871e-10	-1.370656e-09	4.535174e+00	-4.097768e+02
1.940000e-06	9.428458e-10	-1.310443e-09	5.019189e+00	-3.916928e+02
1.950000e-06	1.033319e-09	-1.248842e-09	5.502802e+00	-3.732084e+02
1.960000e-06	1.123680e-09	-1.186251e-09	5.985828e+00	-3.544311e+02
1.970000e-06	1.213929e-09	-1.122292e-09	6.468244e+00	-3.352566e+02
1.980000e-06	1.304044e-09	-1.056421e-09	6.949945e+00	-3.155165e+02
1.990000e-06	1.394013e-09	-9.888303e-10	7.430855e+00	-2.952515e+02
2.000000e-06	1.483868e-09	-9.191938e-10	7.911197e+00	-2.743907e+02
2.010000e-06	1.573619e-09	-8.479971e-10	8.391002e+00	-2.530367e+02
2.020000e-06	1.663268e-09	-7.755206e-10	8.870268e+00	-2.312578e+02
2.030000e-06	1.752850e-09	-7.010369e-10	9.349160e+00	-2.088735e+02
2.040000e-06	1.842346e-09	-6.246081e-10	9.827569e+00	-1.859148e+02
2.050000e-06	1.931706e-09	-5.465616e-10	1.030526e+01	-1.624776e+02
2.060000e-06	2.020926e-09	-4.666165e-10	1.078218e+01	-1.384768e+02
2.070000e-06	2.109991e-09	-3.839883e-10	1.125830e+01	-1.136857e+02
2.080000e-06	2.198884e-09	-2.987123e-10	1.173348e+01	-8.808525e+01
2.090000e-06	2.287592e-09	-2.114375e-10	1.220762e+01	-6.185855e+01
2.100000e-06	2.376102e-09	-1.227329e-10	1.268069e+01	-3.519879e+01
2.110000e-06	2.464415e-09	-3.318605e-11	1.315270e+01	-8.287118e+00
2.120000e-06	2.552512e-09	5.736185e-11	1.362355e+01	1.891683e+01
2.130000e-06	2.640374e-09	1.492171e-10	1.409314e+01	4.651164e+01
2.140000e-06	2.728013e-09	2.420047e-10	1.456162e+01	7.440018e+01
2.150000e-06	2.815458e-09	3.360148e-10	1.502906e+01	1.026201e+02
2.160000e-06	2.902730e-09	4.315409e-10	1.549554e+01	1.312564e+02
2.170000e-06	2.989828e-09	5.276955e-10	1.596115e+01	1.600774e+02
2.180000e-06	3.076732e-09	6.232761e-10	1.642578e+01	1.887500e+02
2.190000e-06	3.163435e-09	7.178280e-10	1.688930e+01	2.171404e+02
2.200000e-06	3.249947e-09	8.113722e-10	1.735176e+01	2.452145e+02
2.210000e-06	3.336262e-09	9.040112e-10	1.781312e+01	2.729813e+02
2.220000e-06	3.422340e-09	9.958365e-10	1.827325e+01	3.004848e+02
2.230000e-06	3.508177e-09	1.086970e-09	1.873215e+01	3.277750e+02
2.240000e-06	3.593778e-09	1.177512e-09	1.918980e+01	3.548700e+02
2.250000e-06	3.679130e-09	1.266678e-09	1.964608e+01	3.815596e+02
2.260000e-06	3.764237e-09	1.353653e-09	2.010105e+01	4.076091e+02
2.270000e-06	3.849093e-09	1.438502e-09	2.055476e+01	4.330020e+02
2.280000e-06	3.933713e-09	1.521200e-09	2.100725e+01	4.577370e+02
2.290000e-06	4.018121e-09	1.601334e-09	2.145856e+01	4.817196e+02
2.300000e-06	4.102319e-09	1.679344e-09	2.190869e+01	5.050708e+02
2.310000e-06	4.186282e-09	1.755919e-09	2.235756e+01	5.279855e+02
2.320000e-06	4.269971e-09	1.831423e-09	2.280495e+01	5.505590e+02
2.330000e-06	4.353369e-09	1.905671e-09	2.325079e+01	5.727430e+02
2.340000e-06	4.436476e-09	1.977906e-09	2.369508e+01	5.943397e+02
2.350000e-06	4.519276e-09	2.048017e-09	2.413772e+01	6.152924e+02
2.360000e-06	4.601773e-09	2.116299e-09	2.457877e+01	6.356676e+02
2.370000e-06	4.683968e-09	2.182588e-09	2.501820e+01	6.554382e+02
2.380000e-06	4.765847e-09	2.247008e-09	2.545595e+01	6.746643e+02
2.390000e-06	4.847390e-09	2.309818e-09	2.589189e+01	6.934300e+02
2.400000e-06	4.928539e-09	2.370943e-09	2.632566e+01	7.117196e+02
2.410000e-06	5.009287e-09	2.430809e-09	2.675726e+01	7.296317e+02
2.420000e-06	5.089654e-09	2.489583e-09	2.718685e+01	7.471718e+02
2.430000e-06	5.169641e-09	2.546768e-09	2.761439e+01	7.642055e+02
2.440000e-06	5.249259e-09	2.602247e-09	2.803997e+01	7.807264e+02
2.450000e-06	5.328528e-09	2.656199e-09	2.846378e+01	7.967974e+02
2.460000e-06	5.407439e-09	2.708576e-09	2.888568e+01	8.124029e+02
2.470000e-06	5.485940e-09	2.759478e-09	2.930536e+01	8.275802e+02
2.480000e-06	5.564005e-09	2.808934e-09	2.972270e+01	8.423450e+02
2.490000e-06	5.641611e-09	2.856846e-09	3.013755e+01	8.566718e+02
2.500000e-06	5.718773e-09	2.903562e-09	3.055004e+01	8.706458e+02
2.510000e-06	5.795511e-09	2.949657e-09	3.096026e+01	8.843950e+02
2.520000e-06	5.871801e-09	2.995363e-09	3.136810e+01	8.979738e+02
2.530000e-06	5.947627e-09	3.040256e-09	3.177342e+01	9.112956e+02
2.540000e-06	6.022947e-09	3.083634e-09	3.217593e+01	9.241929e+02
2.550000e-06	6.097699e-09	3.125157e-09	3.257546e+01	9.365698e+02
2.560000e-06	6.171907e-09	3.165101e-09	3.297215e+01	9.485002e+02
2.570000e-06	6.245642e-09	3.204217e-09	3.336633e+01	9.601720e+02
2.580000e-06	6.318911e-09	3.242680e-09	3.375804e+01	9.716235e+02
2.590000e-06	6.391691e-09	3.280050e-09	3.414707e+01	9.827568e+02
2.600000e-06	6.463965e-09	3.316711e-09	3.453341e+01	9.936731e+02
2.610000e-06	6.535721e-09	3.353212e-09	3.491702e+01	1.004517e+03
2.620000e-06	6.606980e-09	3.389305e-09	3.529798e+01	1.015234e+03
2.630000e-06	6.677782e-09	3.424525e-09	3.567649e+01	1.025702e+03
2.640000e-06	6.748136e-09	3.458526e-09	3.605257e+01	1.035835e+03
2.650000e-06	6.818020e-09	3.491462e-09	3.642612e+01	1.045654e+03
2.660000e-06	6.887409e-09	3.523654e-09	3.679708e+01	1.055237e+03
2.670000e-06	6.956325e-09	3.555015e-09	3.716557e+01	1.064580e+03
2.680000e-06	7.024812e-09	3.585521e-09	3.753180e+01	1.073668e+03
2.690000e-06	7.092871e-09	3.615226e-09	3.789573e+01	1.082503e+03
2.700000e-06	7.160465e-09	3.644227e-09	3.825710e+01	1.091107e+03
2.710000e-06	7.227539e-09	3.672774e-09	3.861567e+01	1.099552e+03
2.720000e-06	7.294043e-09	3.700712e-09	3.897119e+01	1.107832e+03
2.730000e-06	7.359951e-09	3.727826e-09	3.932351e+01	1.115894e+03
2.740000e-06	7.425272e-09	3.754030e-09	3.967273e+01	1.123703e+03
2.750000e-06	7.490017e-09	3.779335e-09	4.001892e+01	1.131260e+03
2.760000e-06	7.554197e-09	3.804149e-09	4.036207e+01	1.138643e+03
2.770000e-06	7.617827e-09	3.828911e-09	4.070225e+01	1.145976e+03
2.780000e-06	7.680934e-09	3.853169e-09	4.103962e+01	1.153162e+03
2.790000e-06	7.743562e-09	3.876743e-09	4.137444e+01	1.160145e+03
2.800000e-06	7.805700e-09	3.899868e-09	4.170665e+01	1.166993e+03
2.810000e-06	7.867306e-09	3.922301e-09	4.203604e+01	1.173658e+03
2.820000e-06	7.928393e-09	3.944410e-09	4.236266e+01	1.180228e+03
2.830000e-06	7.989005e-09	3.966358e-09	4.268672e+01	1.186743e+03
2.840000e-06	8.049174e-09	3.987678e-09	4.300843e+01	1.193081e+03
2.850000e-06	8.108853e-09	4.008292e-09	4.332748e+01	1.199213e+03
2.860000e-06	8.167927e-09	4.028494e-09	4.364323e+01	1.205211e+03
2.870000e-06	8.226307e-09	4.048490e-09	4.395531e+01	1.211140e+03
2.880000e-06	8.283971e-09	4.068276e-09	4.426362e+01	1.217005e+03
2.890000e-06	8.340930e-09	4.087612e-09	4.456819e+01	1.222736e+03
2.900000e-06	8.397232e-09	4.106041e-09	4.486925e+01	1.228215e+03
2.910000e-06	8.452923e-09	4.123773e-09	4.516706e+01	1.233512e+03
2.920000e-06	8.508032e-09	4.141543e-09	4.546177e+01	1.238796e+03
2.930000e-06	8.562590e-09	4.159161e-09	4.575353e+01	1.244003e+03
2.940000e-06	8.616584e-09	4.176153e-09	4.604229e+01	1.249020e+03
2.950000e-06	8.669978e-09	4.192171e-09	4.632782e+01	1.253765e+03
2.960000e-06	8.722760e-09	4.207478e-09	4.661005e+01	1.258316e+03
2.970000e-06	8.774896e-09	4.222573e-09	4.688879e+01	1.262811e+03
2.980000e-06	8.826295e-09	4.237329e-09	4.716364e+01	1.267201e+03
2.990000e-06	8.876871e-09	4.251845e-09	4.743418e+01	1.271506e+03
3.000000e-06	8.926607e-09	4.265803e-09	4.770019e+01	1.275641e+03
3.010000e-06	8.975535e-09	4.279017e-09	4.796188e+01	1.279562e+03
3.020000e-06	9.023739e-09	4.292230e-09	4.821973e+01	1.283466e+03
3.030000e-06	9.071317e-09	4.305351e-09	4.847421e+01	1.287346e+03
3.040000e-06	9.118286e-09	4.317910e-09	4.872543e+01	1.291087e+03
3.050000e-06	9.164628e-09	4.330003e-09	4.897337e+01	1.294695e+03
3.060000e-06	9.210316e-09	4.341823e-09	4.921786e+01	1.298223e+03
3.070000e-06	9.255370e-09	4.353621e-09	4.945891e+01	1.301734e+03
3.080000e-06	9.299865e-09	4.365262e-09	4.969699e+01	1.305181e+03
3.090000e-06	9.343856e-09	4.376438e-09	4.993231e+01	1.308487e+03
3.100000e-06	9.387305e-09	4.387251e-09	5.016471e+01	1.311690e+03
3.110000e-06	9.430055e-09	4.397882e-09	5.039335e+01	1.314845e+03
3.120000e-06	9.471943e-09	4.408566e-09	5.061743e+01	1.318024e+03
3.130000e-06	9.512969e-09	4.419245e-09	5.083697e+01	1.321195e+03
3.140000e-06	9.553264e-09	4.429653e-09	5.105259e+01	1.324258e+03
3.150000e-06	9.592940e-09	4.439576e-09	5.126489e+01	1.327180e+03
3.160000e-06	9.632021e-09	4.448978e-09	5.147398e+01	1.329985e+03
3.170000e-06	9.670466e-09	4.458440e-09	5.167969e+01	1.332813e+03
3.180000e-06	9.708224e-09	4.468284e-09	5.188175e+01	1.335727e+03
3.190000e-06	9.745268e-09	4.478054e-09	5.208003e+01	1.338613e+03
3.200000e-06	9.781680e-09	4.487329e-09	5.227494e+01	1.341347e+03
3.210000e-06	9.817550e-09	4.496325e-09	5.246692e+01	1.343979e+03
3.220000e-06	9.852818e-09	4.505154e-09	5.265566e+01	1.346582e+03
3.230000e-06	9.887293e-09	4.513662e-09	5.284013e+01	1.349116e+03
3.240000e-06	9.920837e-09	4.521944e-09	5.301967e+01	1.351582e+03
3.250000e-06	9.953516e-09	4.530140e-09	5.319462e+01	1.354016e+03
3.260000e-06	9.985508e-09	4.538160e-09	5.336583e+01	1.356399e+03
3.270000e-06	1.001691e-08	4.546068e-09	5.353389e+01	1.358745e+03
3.280000e-06	1.004770e-08	4.553986e-09	5.369865e+01	1.361076e+03
3.290000e-06	1.007781e-08	4.561797e-09	5.385977e+01	1.363364e+03
3.300000e-06	1.010719e-08	4.569298e-09	5.401705e+01	1.365566e+03
3.310000e-06	1.013589e-08	4.576210e-09	5.417060e+01	1.367620e+03
3.320000e-06	1.016400e-08	4.582794e-09	5.432103e+01	1.369597e+03
3.330000e-06	1.019155e-08	4.589402e-09	5.446843e+01	1.371581e+03
3.340000e-06	1.021834e-08	4.596013e-09	5.461176e+01	1.373540e+03
3.350000e-06	1.024412e-08	4.602715e-09	5.474981e+01	1.375498e+03
3.360000e-06	1.026893e-08	4.609452e-09	5.488261e+01	1.377459e+03
3.370000e-06	1.029295e-08	4.615913e-09	5.501116e+01	1.379346e+03
3.380000e-06	1.031627e-08	4.621837e-09	5.513598e+01	1.381102e+03
3.390000e-06	1.033892e-08	4.627388e-09	5.525719e+01	1.382757e+03
3.400000e-06	1.036088e-08	4.632869e-09	5.537471e+01	1.384384e+03
3.410000e-06	1.038213e-08	4.638255e-09	5.548843e+01	1.385973e+03
3.420000e-06	1.040270e-08	4.643529e-09	5.559863e+01	1.387519e+03
3.430000e-06	1.042273e-08	4.648556e-09	5.570587e+01	1.389001e+03
3.440000e-06	1.044222e-08	4.653172e-09	5.581016e+01	1.390353e+03
3.450000e-06	1.046101e-08	4.657539e-09	5.591068e+01	1.391628e+03
3.460000e-06	1.047894e-08	4.661756e-09	5.600675e+01	1.392867e+03
3.470000e-06	1.049610e-08	4.665829e-09	5.609866e+01	1.394064e+03
3.480000e-06	1.051257e-08	4.669559e-09	5.618681e+01	1.395185e+03
3.490000e-06	1.052822e-08	4.673076e-09	5.627056e+01	1.396253e+03
3.500000e-06	1.054296e-08	4.676739e-09	5.634950e+01	1.397332e+03
3.510000e-06	1.055689e-08	4.680445e-09	5.642410e+01	1.398390e+03
3.520000e-06	1.057003e-08	4.683918e-09	5.649463e+01	1.399370e+03
3.530000e-06	1.058245e-08	4.686840e-09	5.656120e+01	1.400219e+03
3.540000e-06	1.059415e-08	4.689102e-09	5.662384e+01	1.400914e+03
3.550000e-06	1.060497e-08	4.691027e-09	5.668173e+01	1.401513e+03
3.560000e-06	1.061470e-08	4.693470e-09	5.673388e+01	1.402220e+03
3.570000e-06	1.062340e-08	4.696406e-09	5.678061e+01	1.403048e+03
3.580000e-06	1.063136e-08	4.698903e-09	5.682335e+01	1.403760e+03
3.590000e-06	1.063870e-08	4.700787e-09	5.686270e+01	1.404305e+03
3.600000e-06	1.064532e-08	4.702230e-09	5.689824e+01	1.404736e+03
3.610000e-06	1.065118e-08	4.703454e-09	5.692975e+01	1.405101e+03
3.620000e-06	1.065627e-08	4.704546e-09	5.695717e+01	1.405427e+03
3.630000e-06	1.066068e-08	4.705245e-09	5.698095e+01	1.405657e+03
3.640000e-06	1.066456e-08	4.705682e-09	5.700195e+01	1.405812e+03
3.650000e-06	1.066782e-08	4.706489e-09	5.701957e+01	1.406039e+03
3.660000e-06	1.067014e-08	4.707714e-09	5.703220e+01	1.406358e+03
3.670000e-06	1.067140e-08	4.708588e-09	5.703917e+01	1.406596e+03
3.680000e-06	1.067179e-08	4.708568e-09	5.704143e+01	1.406618e+03
3.690000e-06	1.067154e-08	4.707833e-09	5.704027e+01	1.406450e+03
3.700000e-06	1.067067e-08	4.707235e-09	5.703575e+01	1.406305e+03
3.710000e-06	1.066910e-08	4.707195e-09	5.702761e+01	1.406279e+03
3.720000e-06	1.066687e-08	4.707379e-09	5.701591e+01	1.406284e+03
3.730000e-06	1.066395e-08	4.707173e-09	5.700050e+01	1.406199e+03
3.740000e-06	1.066038e-08	4.706073e-09	5.698161e+01	1.405905e+03
3.750000e-06	1.065633e-08	4.704907e-09	5.696006e+01	1.405601e+03
3.760000e-06	1.065176e-08	4.704455e-09	5.693583e+01	1.405528e+03
3.770000e-06	1.064641e-08	4.702652e-09	5.690739e+01	1.405173e+03
3.780000e-06	1.063997e-08	4.704291e-09	5.687312e+01	1.405458e+03
3.790000e-06	1.063226e-08	4.710329e-09	5.683218e+01	1.406802e+03
3.800000e-06	1.062322e-08	4.705639e-09	5.678419e+01	1.405702e+03
3.810000e-06	1.061309e-08	4.686651e-09	5.673026e+01	1.401007e+03
3.820000e-06	1.060255e-08	4.680272e-09	5.667397e+01	1.398770e+03
3.830000e-06	1.059197e-08	4.694641e-09	5.661743e+01	1.401520e+03
3.840000e-06	1.058083e-08	4.698241e-09	5.655806e+01	1.402964e+03
3.850000e-06	1.056856e-08	4.676450e-09	5.649272e+01	1.398683e+03
3.860000e-06	1.055541e-08	4.673037e-09	5.642256e+01	1.397407e+03
3.870000e-06	1.054171e-08	4.698973e-09	5.634950e+01	1.402907e+03
3.880000e-06	1.052710e-08	4.696984e-09	5.627168e+01	1.403012e+03
3.890000e-06	1.051138e-08	4.671974e-09	5.618798e+01	1.396889e+03
3.900000e-06	1.049501e-08	4.676443e-09	5.610061e+01	1.396718e+03
3.910000e-06	1.047810e-08	4.698853e-09	5.601032e+01	1.402527e+03
3.920000e-06	1.046036e-08	4.687212e-09	5.591570e+01	1.401077e+03
3.930000e-06	1.044181e-08	4.670560e-09	5.581672e+01	1.396620e+03
3.940000e-06	1.042265e-08	4.689127e-09	5.571442e+01	1.400028e+03
3.950000e-06	1.040281e-08	4.692108e-09	5.560855e+01	1.401212e+03
3.960000e-06	1.038215e-08	4.666326e-09	5.549832e+01	1.394725e+03
3.970000e-06	1.036064e-08	4.673224e-09	5.538355e+01	1.394984e+03
3.980000e-06	1.033822e-08	4.701160e-09	5.526389e+01	1.402225e+03
3.990000e-06	1.031489e-08	4.691993e-09	5.513932e+01	1.401121e+03
4.000000e-06	1.029084e-08	4.684571e-09	5.501099e+01	1.398708e+03
4.010000e-06	1.026618e-08	4.708097e-09	5.487932e+01	1.404579e+03
4.020000e-06	1.024079e-08	4.699179e-09	5.474377e+01	1.403864e+03
4.030000e-06	1.021471e-08	4.668773e-09	5.460448e+01	1.396050e+03
4.040000e-06	1.018794e-08	4.677115e-09	5.446151e+01	1.397177e+03
4.050000e-06	1.016049e-08	4.677017e-09	5.431493e+01	1.397840e+03
4.060000e-06	1.013250e-08	4.644978e-09	5.416534e+01	1.389533e+03
4.070000e-06	1.010390e-08	4.646819e-09	5.401258e+01	1.388596e+03
4.080000e-06	1.007440e-08	4.660646e-09	5.385510e+01	1.392467e+03
4.090000e-06	1.004385e-08	4.642546e-09	5.369194e+01	1.387818e+03
4.100000e-06	1.001235e-08	4.645303e-09	5.352369e+01	1.387252e+03
4.110000e-06	9.980091e-09	4.658042e-09	5.335142e+01	1.390816e+03
4.120000e-06	9.947199e-09	4.641548e-09	5.317573e+01	1.386669e+03
4.130000e-06	9.913702e-09	4.643966e-09	5.299680e+01	1.386101e+03
4.140000e-06	9.879574e-09	4.650959e-09	5.281450e+01	1.388288e+03
4.150000e-06	9.844812e-09	4.631434e-09	5.262876e+01	1.383591e+03
4.160000e-06	9.809431e-09	4.632781e-09	5.243971e+01	1.382833e+03
4.170000e-06	9.773462e-09	4.633989e-09	5.224759e+01	1.383327e+03
4.180000e-06	9.736897e-09	4.611214e-09	5.205238e+01	1.377772e+03
4.190000e-06	9.699565e-09	4.614068e-09	5.185306e+01	1.377541e+03
4.200000e-06	9.661242e-09	4.618338e-09	5.164842e+01	1.378582e+03
4.210000e-06	9.621984e-09	4.595503e-09	5.143869e+01	1.372903e+03
4.220000e-06	9.582040e-09	4.593439e-09	5.122530e+01	1.371580e+03
4.230000e-06	9.541509e-09	4.599197e-09	5.100884e+01	1.372878e+03
4.240000e-06	9.500301e-09	4.581541e-09	5.078873e+01	1.368463e+03
4.250000e-06	9.458367e-09	4.574421e-09	5.056474e+01	1.366005e+03
4.260000e-06	9.415765e-09	4.575841e-09	5.033714e+01	1.366038e+03
4.270000e-06	9.372589e-09	4.561686e-09	5.010638e+01	1.362386e+03
4.280000e-06	9.328899e-09	4.551425e-09	4.987293e+01	1.359288e+03
4.290000e-06	9.284719e-09	4.550587e-09	4.963693e+01	1.358700e+03
4.300000e-06	9.239992e-09	4.543296e-09	4.939802e+01	1.356708e+03
4.310000e-06	9.194591e-09	4.533456e-09	4.915553e+01	1.353790e+03
4.320000e-06	9.148491e-09	4.525663e-09	4.890921e+01	1.351382e+03
4.330000e-06	9.101756e-09	4.517560e-09	4.865948e+01	1.349048e+03
4.340000e-06	9.054359e-09	4.509929e-09	4.840632e+01	1.346712e+03
4.350000e-06	9.006230e-09	4.501516e-09	4.814923e+01	1.344187e+03
4.360000e-06	8.957327e-09	4.492279e-09	4.788797e+01	1.341534e+03
4.370000e-06	8.907671e-09	4.484268e-09	4.762271e+01	1.339112e+03
4.380000e-06	8.857335e-09	4.474913e-09	4.735381e+01	1.336374e+03
4.390000e-06	8.806331e-09	4.464380e-09	4.708137e+01	1.333339e+03
4.400000e-06	8.754652e-09	4.457068e-09	4.680538e+01	1.331015e+03
4.410000e-06	8.702259e-09	4.449168e-09	4.652560e+01	1.328595e+03
4.420000e-06	8.649128e-09	4.436844e-09	4.624184e+01	1.325100e+03
4.430000e-06	8.595237e-09	4.426923e-09	4.595396e+01	1.322126e+03
4.440000e-06	8.540584e-09	4.420119e-09	4.566190e+01	1.319996e+03
4.450000e-06	8.485221e-09	4.409357e-09	4.536603e+01	1.316923e+03
4.460000e-06	8.429222e-09	4.397302e-09	4.506681e+01	1.313418e+03
4.470000e-06	8.372656e-09	4.387812e-09	4.476459e+01	1.310532e+03
4.480000e-06	8.315526e-09	4.377443e-09	4.445935e+01	1.307459e+03
4.490000e-06	8.257800e-09	4.366187e-09	4.415088e+01	1.304125e+03
4.500000e-06	8.199484e-09	4.357068e-09	4.383921e+01	1.301309e+03
4.510000e-06	8.140608e-09	4.346885e-09	4.352456e+01	1.298284e+03
4.520000e-06	8.081198e-09	4.333265e-09	4.320707e+01	1.294388e+03
4.530000e-06	8.021265e-09	4.320228e-09	4.288688e+01	1.290579e+03
4.540000e-06	7.960779e-09	4.309692e-09	4.256380e+01	1.287402e+03
4.550000e-06	7.899688e-09	4.298806e-09	4.223743e+01	1.284140e+03
4.560000e-06	7.837946e-09	4.287192e-09	4.190752e+01	1.280658e+03
4.570000e-06	7.775544e-09	4.275829e-09	4.157405e+01	1.277238e+03
4.580000e-06	7.712506e-09	4.263905e-09	4.123715e+01	1.273698e+03
4.590000e-06	7.648875e-09	4.251451e-09	4.089705e+01	1.270014e+03
4.600000e-06	7.584696e-09	4.239339e-09	4.055402e+01	1.266405e+03
4.610000e-06	7.520009e-09	4.226503e-09	4.020825e+01	1.262623e+03
4.620000e-06	7.454837e-09	4.212739e-09	3.985991e+01	1.258578e+03
4.630000e-06	7.389153e-09	4.199943e-09	3.950884e+01	1.254752e+03
4.640000e-06	7.322940e-09	4.188416e-09	3.915494e+01	1.251266e+03
4.650000e-06	7.256225e-09	4.176764e-09	3.879839e+01	1.247749e+03
4.660000e-06	7.189050e-09	4.163832e-09	3.843934e+01	1.243879e+03
4.670000e-06	7.121430e-09	4.149615e-09	3.807794e+01	1.239669e+03
4.680000e-06	7.053350e-09	4.134807e-09	3.771419e+01	1.235310e+03
4.690000e-06	6.984790e-09	4.120356e-09	3.734791e+01	1.231033e+03
4.700000e-06	6.915728e-09	4.106714e-09	3.697895e+01	1.226943e+03
4.710000e-06	6.846153e-09	4.092790e-09	3.660717e+01	1.222786e+03
4.720000e-06	6.776049e-09	4.078295e-09	3.623252e+01	1.218501e+03
4.730000e-06	6.705393e-09	4.064181e-09	3.585491e+01	1.214289e+03
4.740000e-06	6.634172e-09	4.050619e-09	3.547431e+01	1.210181e+03
4.750000e-06	6.562400e-09	4.036271e-09	3.509078e+01	1.205858e+03
4.760000e-06	6.490153e-09	4.020095e-09	3.470461e+01	1.201056e+03
4.770000e-06	6.417478e-09	4.003189e-09	3.431620e+01	1.196067e+03
4.780000e-06	6.344391e-09	3.986485e-09	3.392565e+01	1.191154e+03
4.790000e-06	6.270900e-09	3.970341e-09	3.353297e+01	1.186387e+03
4.800000e-06	6.196984e-09	3.954863e-09	3.313800e+01	1.181763e+03
4.810000e-06	6.122653e-09	3.939663e-09	3.274076e+01	1.177176e+03
4.820000e-06	6.047915e-09	3.923888e-09	3.234134e+01	1.172427e+03
4.830000e-06	5.972737e-09	3.907339e-09	3.193963e+01	1.167478e+03
4.840000e-06	5.897096e-09	3.890440e-09	3.153561e+01	1.162425e+03
4.850000e-06	5.820985e-09	3.873086e-09	3.112909e+01	1.157236e+03
4.860000e-06	5.744414e-09	3.854900e-09	3.072000e+01	1.151835e+03
4.870000e-06	5.667389e-09	3.836149e-09	3.030850e+01	1.146303e+03
4.880000e-06	5.589872e-09	3.817441e-09	2.989443e+01	1.140777e+03
4.890000e-06	5.511834e-09	3.799594e-09	2.947756e+01	1.135447e+03
4.900000e-06	5.433299e-09	3.782187e-09	2.905797e+01	1.130203e+03
4.910000e-06	5.354281e-09	3.763980e-09	2.863580e+01	1.124746e+03
4.920000e-06	5.274802e-09	3.744842e-09	2.821115e+01	1.119057e+03
4.930000e-06	5.194900e-09	3.725676e-09	2.778421e+01	1.113360e+03
4.940000e-06	5.114616e-09	3.706791e-09	2.735522e+01	1.107724e+03
4.950000e-06	5.033992e-09	3.687279e-09	2.692440e+01	1.101923e+03
4.960000e-06	4.953080e-09	3.666770e-09	2.649204e+01	1.095834e+03
4.970000e-06	4.871897e-09	3.645882e-09	2.605819e+01	1.089617e+03
4.980000e-06	4.790405e-09	3.624961e-09	2.562275e+01	1.083397e+03
4.990000e-06	4.708595e-09	3.604027e-09	2.518571e+01	1.077161e+03
5.000000e-06	4.626498e-09	3.583153e-09	2.474709e+01	1.070916e+03
5.010000e-06	4.544117e-09	3.561863e-09	2.430685e+01	1.064566e+03
5.020000e-06	4.461439e-09	3.540173e-09	2.386494e+01	1.058108e+03
5.030000e-06	4.378467e-09	3.518375e-09	2.342144e+01	1.051604e+03
5.040000e-06	4.295203e-09	3.496132e-09	2.297648e+01	1.044980e+03
5.050000e-06	4.211648e-09	3.473348e-09	2.253007e+01	1.038209e+03
5.060000e-06	4.127808e-09	3.450043e-09	2.208211e+01	1.031287e+03
5.070000e-06	4.043661e-09	3.426237e-09	2.163249e+01	1.024220e+03
5.080000e-06	3.959193e-09	3.402667e-09	2.118113e+01	1.017185e+03
5.090000e-06	3.874449e-09	3.379309e-09	2.072825e+01	1.010175e+03
5.100000e-06	3.789441e-09	3.355347e-09	2.027398e+01	1.003008e+03
5.110000e-06	3.704170e-09	3.330725e-09	1.981829e+01	9.956736e+02
5.120000e-06	3.618649e-09	3.305418e-09	1.936123e+01	9.881389e+02
5.130000e-06	3.532879e-09	3.279308e-09	1.890286e+01	9.803634e+02
5.140000e-06	3.446856e-09	3.252723e-09	1.844313e+01	9.724479e+02
5.150000e-06	3.360565e-09	3.225558e-09	1.798194e+01	9.643812e+02
5.160000e-06	3.274004e-09	3.197744e-09	1.751932e+01	9.561250e+02
5.170000e-06	3.187157e-09	3.169767e-09	1.705524e+01	9.477945e+02
5.180000e-06	3.100001e-09	3.142316e-09	1.658953e+01	9.395667e+02
5.190000e-06	3.012554e-09	3.114942e-09	1.612223e+01	9.313336e+02
5.200000e-06	2.924840e-09	3.086323e-09	1.565348e+01	9.227810e+02
5.210000e-06	2.836890e-09	3.056541e-09	1.518342e+01	9.139135e+02
5.220000e-06	2.748751e-09	3.026116e-09	1.471232e+01	9.048651e+02
5.230000e-06	2.660466e-09	2.995394e-09	1.424039e+01	8.957135e+02
5.240000e-06	2.572039e-09	2.964798e-09	1.376772e+01	8.865611e+02
5.250000e-06	2.483465e-09	2.933809e-09	1.329434e+01	8.773135e+02
5.260000e-06	2.394739e-09	2.902385e-09	1.282016e+01	8.679383e+02
5.270000e-06	2.305856e-09	2.870833e-09	1.234515e+01	8.584873e+02
5.280000e-06	2.216834e-09	2.838530e-09	1.186937e+01	8.488217e+02
5.290000e-06	2.127676e-09	2.805466e-09	1.139284e+01	8.389430e+02
5.300000e-06	2.038372e-09	2.772143e-09	1.091553e+01	8.289921e+02
5.310000e-06	1.948925e-09	2.738155e-09	1.043746e+01	8.188865e+02
5.320000e-06	1.859337e-09	2.703534e-09	9.958666e+00	8.086012e+02
5.330000e-06	1.769625e-09	2.669579e-09	9.479193e+00	7.984282e+02
5.340000e-06	1.679803e-09	2.635987e-09	8.999093e+00	7.883307e+02
5.350000e-06	1.589874e-09	2.601266e-09	8.518413e+00	7.779403e+02
5.360000e-06	1.499872e-09	2.565130e-09	8.037348e+00	7.671584e+02
5.370000e-06	1.409808e-09	2.527821e-09	7.555955e+00	7.560454e+02
5.380000e-06	1.319672e-09	2.489838e-09	7.074201e+00	7.447343e+02
5.390000e-06	1.229463e-09	2.451977e-09	6.592091e+00	7.334360e+02
5.400000e-06	1.139189e-09	2.414351e-09	6.109598e+00	7.221738e+02
5.410000e-06	1.048848e-09	2.376413e-09	5.626679e+00	7.108045e+02
5.420000e-06	9.584304e-10	2.337479e-09	5.143328e+00	6.991482e+02
5.430000e-06	8.679541e-10	2.297472e-09	4.659639e+00	6.871596e+02
5.440000e-06	7.774075e-10	2.256146e-09	4.175576e+00	6.747852e+02
5.450000e-06	6.867838e-10	2.213182e-09	3.691146e+00	6.619682e+02
5.460000e-06	5.961117e-10	2.169304e-09	3.206454e+00	6.488853e+02
5.470000e-06	5.054052e-10	2.125196e-09	2.721559e+00	6.357177e+02
5.480000e-06	4.146610e-10	2.080999e-09	2.236463e+00	6.224941e+02
5.490000e-06	3.238938e-10	2.036564e-09	1.751275e+00	6.091694e+02
5.500000e-06	2.331250e-10	1.991293e-09	1.266147e+00	5.956070e+02
5.510000e-06	1.423655e-10	1.944961e-09	7.810384e-01	5.817531e+02
5.520000e-06	5.163244e-11	1.897556e-09	2.960222e-01	5.675981e+02
5.530000e-06	-3.906791e-11	1.848930e-09	-1.888233e-01	5.530835e+02
5.540000e-06	-1.297430e-10	1.799410e-09	-6.735679e-01	5.382843e+02
5.550000e-06	-2.204247e-10	1.749325e-09	-1.158296e+00	5.232868e+02
5.560000e-06	-3.111236e-10	1.698629e-09	-1.643047e+00	5.080832e+02
5.570000e-06	-4.018097e-10	1.646901e-09	-2.127799e+00	4.925671e+02
5.580000e-06	-4.924733e-10	1.593837e-09	-2.612487e+00	4.766533e+02
5.590000e-06	-5.831259e-10	1.539446e-09	-3.097109e+00	4.603381e+02
5.600000e-06	-6.737587e-10	1.483562e-09	-3.581619e+00	4.435802e+02
5.610000e-06	-7.643504e-10	1.426138e-09	-4.065922e+00	4.263769e+02
5.620000e-06	-8.548879e-10	1.367294e-09	-4.549926e+00	4.087490e+02
5.630000e-06	-9.453543e-10	1.306894e-09	-5.033521e+00	3.906630e+02
5.640000e-06	-1.035735e-09	1.245358e-09	-5.516645e+00	3.722294e+02
5.650000e-06	-1.126023e-09	1.183233e-09	-5.999246e+00	3.535825e+02
5.660000e-06	-1.216198e-09	1.120012e-09	-6.481300e+00	3.346069e+02
5.670000e-06	-1.306266e-09	1.054773e-09	-6.962829e+00	3.150740e+02
5.680000e-06	-1.396245e-09	9.875414e-10	-7.443824e+00	2.949478e+02
5.690000e-06	-1.486126e-09	9.185138e-10	-7.924260e+00	2.742409e+02
5.700000e-06	-1.575945e-09	8.475119e-10	-8.404361e+00	2.529314e+02
5.710000e-06	-1.665692e-09	7.747548e-10	-8.884073e+00	2.311003e+02
5.720000e-06	-1.755341e-09	7.002856e-10	-9.363223e+00	2.087679e+02
5.730000e-06	-1.844875e-09	6.234642e-10	-9.841804e+00	1.857747e+02
5.740000e-06	-1.934261e-09	5.445422e-10	-1.031965e+01	1.621527e+02
5.750000e-06	-2.023520e-09	4.643460e-10	-1.079680e+01	1.380920e+02
5.760000e-06	-2.112671e-09	3.827376e-10	-1.127334e+01	1.135883e+02
5.770000e-06	-2.201697e-09	2.994072e-10	-1.174924e+01	8.856378e+01
5.780000e-06	-2.290573e-09	2.142199e-10	-1.222439e+01	6.295906e+01
5.790000e-06	-2.379296e-09	1.272058e-10	-1.269871e+01	3.678308e+01
5.800000e-06	-2.467855e-09	3.860386e-11	-1.317210e+01	1.012319e+01
5.810000e-06	-2.556215e-09	-5.159450e-11	-1.364438e+01	-1.698290e+01
5.820000e-06	-2.644373e-09	-1.437548e-10	-1.411558e+01	-4.461145e+01
5.830000e-06	-2.732355e-09	-2.373228e-10	-1.458582e+01	-7.264159e+01
5.840000e-06	-2.820161e-09	-3.315171e-10	-1.505513e+01	-1.008905e+02
5.850000e-06	-2.907766e-09	-4.257799e-10	-1.552338e+01	-1.292081e+02
5.860000e-06	-2.995149e-09	-5.200752e-10	-1.599044e+01	-1.575464e+02
5.870000e-06	-3.082292e-09	-6.143804e-10	-1.645622e+01	-1.858847e+02
5.880000e-06	-3.169182e-09	-7.080705e-10	-1.692068e+01	-2.140585e+02
5.890000e-06	-3.255811e-09	-8.013177e-10	-1.738374e+01	-2.420707e+02
5.900000e-06	-3.342184e-09	-8.946998e-10	-1.784543e+01	-2.700561e+02
5.910000e-06	-3.428289e-09	-9.872078e-10	-1.830567e+01	-2.977553e+02
5.920000e-06	-3.514112e-09	-1.078077e-09	-1.876443e+01	-3.249571e+02
5.930000e-06	-3.599656e-09	-1.167896e-09	-1.922172e+01	-3.518162e+02
5.940000e-06	-3.684918e-09	-1.256482e-09	-1.967752e+01	-3.783132e+02
5.950000e-06	-3.769890e-09	-1.343473e-09	-2.013179e+01	-4.043647e+02
5.960000e-06	-3.854589e-09	-1.428601e-09	-2.058451e+01	-4.298620e+02
5.970000e-06	-3.939008e-09	-1.511130e-09	-2.103569e+01	-4.545955e+02
5.980000e-06	-4.023108e-09	-1.591047e-09	-2.148517e+01	-4.785683e+02
5.990000e-06	-4.106915e-09	-1.669606e-09	-2.193310e+01	-5.020860e+02
6.000000e-06	-4.190464e-09	-1.747135e-09	-2.237969e+01	-5.252347e+02
6.010000e-06	-4.273747e-09	-1.823108e-09	-2.282491e+01	-5.479108e+02
6.020000e-06	-4.356757e-09	-1.897333e-09	-2.326869e+01	-5.700897e+02
6.030000e-06	-4.439483e-09	-1.969873e-09	-2.371092e+01	-5.917720e+02
6.040000e-06	-4.521910e-09	-2.040534e-09	-2.415159e+01	-6.128952e+02
6.050000e-06	-4.604037e-09	-2.108683e-09	-2.459066e+01	-6.332942e+02
6.060000e-06	-4.685860e-09	-2.174592e-09	-2.502807e+01	-6.530233e+02
6.070000e-06	-4.767359e-09	-2.238996e-09	-2.546376e+01	-6.722803e+02
6.080000e-06	-4.848539e-09	-2.302112e-09	-2.589775e+01	-6.911389e+02
6.090000e-06	-4.929438e-09	-2.364503e-09	-2.633019e+01	-7.097388e+02
6.100000e-06	-5.010032e-09	-2.426180e-09	-2.676106e+01	-7.280878e+02
6.110000e-06	-5.090274e-09	-2.485733e-09	-2.719003e+01	-7.458512e+02
6.120000e-06	-5.170159e-09	-2.542837e-09	-2.761705e+01	-7.629267e+02
6.130000e-06	-5.249655e-09	-2.598189e-09	-2.804197e+01	-7.794517e+02
6.140000e-06	-5.328733e-09	-2.651677e-09	-2.846462e+01	-7.954025e+02
6.150000e-06	-5.407383e-09	-2.703682e-09	-2.888499e+01	-8.109216e+02
6.160000e-06	-5.485589e-09	-2.754766e-09	-2.930302e+01	-8.261644e+02
6.170000e-06	-5.563334e-09	-2.804549e-09	-2.971864e+01	-8.410169e+02
6.180000e-06	-5.640596e-09	-2.852913e-09	-3.013167e+01	-8.554454e+02
6.190000e-06	-5.717332e-09	-2.900326e-09	-3.054189e+01	-8.695772e+02
6.200000e-06	-5.793528e-09	-2.946983e-09	-3.094926e+01	-8.834680e+02
6.210000e-06	-5.869201e-09	-2.992276e-09	-3.135388e+01	-8.969686e+02
6.220000e-06	-5.944419e-09	-3.035995e-09	-3.175606e+01	-9.100345e+02
6.230000e-06	-6.019219e-09	-3.078906e-09	-3.215593e+01	-9.228486e+02
6.240000e-06	-6.093593e-09	-3.121280e-09	-3.255353e+01	-9.354637e+02
6.250000e-06	-6.167572e-09	-3.162750e-09	-3.294900e+01	-9.477938e+02
6.260000e-06	-6.241127e-09	-3.202749e-09	-3.334224e+01	-9.597062e+02
6.270000e-06	-6.314283e-09	-3.241274e-09	-3.373335e+01	-9.711845e+02
6.280000e-06	-6.387082e-09	-3.278950e-09	-3.412251e+01	-9.823871e+02
6.290000e-06	-6.459499e-09	-3.315558e-09	-3.450968e+01	-9.932777e+02
6.300000e-06	-6.531506e-09	-3.351083e-09	-3.489467e+01	-1.003863e+03
6.310000e-06	-6.603039e-09	-3.385944e-09	-3.527714e+01	-1.014265e+03
6.320000e-06	-6.674037e-09	-3.420051e-09	-3.565676e+01	-1.024455e+03
6.330000e-06	-6.744481e-09	-3.453636e-09	-3.603340e+01	-1.034472e+03
6.340000e-06	-6.814372e-09	-3.486793e-09	-3.640709e+01	-1.044331e+03
6.350000e-06	-6.883701e-09	-3.519625e-09	-3.677781e+01	-1.054079e+03
6.360000e-06	-6.952482e-09	-3.551998e-09	-3.714562e+01	-1.063677e+03
6.370000e-06	-7.020746e-09	-3.583403e-09	-3.751068e+01	-1.072995e+03
6.380000e-06	-7.088520e-09	-3.613698e-09	-3.787314e+01	-1.082015e+03
6.390000e-06	-7.155843e-09	-3.643426e-09	-3.823318e+01	-1.090852e+03
6.400000e-06	-7.222731e-09	-3.672877e-09	-3.859085e+01	-1.099582e+03
6.410000e-06	-7.289163e-09	-3.701287e-09	-3.894607e+01	-1.108029e+03
6.420000e-06	-7.355114e-09	-3.728261e-09	-3.929870e+01	-1.116062e+03
6.430000e-06	-7.420554e-09	-3.754366e-09	-3.964862e+01	-1.123834e+03
6.440000e-06	-7.485500e-09	-3.780130e-09	-3.999594e+01	-1.131497e+03
6.450000e-06	-7.549978e-09	-3.805635e-09	-4.034080e+01	-1.139064e+03
6.460000e-06	-7.613950e-09	-3.830466e-09	-4.068295e+01	-1.146426e+03
6.470000e-06	-7.677364e-09	-3.854427e-09	-4.102209e+01	-1.153525e+03
6.480000e-06	-7.740159e-09	-3.878112e-09	-4.135793e+01	-1.160528e+03
6.490000e-06	-7.802301e-09	-3.901211e-09	-4.169027e+01	-1.167376e+03
6.500000e-06	-7.863805e-09	-3.923032e-09	-4.201922e+01	-1.173883e+03
6.510000e-06	-7.924709e-09	-3.943746e-09	-4.234500e+01	-1.180068e+03
6.520000e-06	-7.985058e-09	-3.963539e-09	-4.266779e+01	-1.185972e+03
6.530000e-06	-8.044879e-09	-3.982993e-09	-4.298770e+01	-1.191760e+03
6.540000e-06	-8.104178e-09	-4.002933e-09	-4.330481e+01	-1.197675e+03
6.550000e-06	-8.162960e-09	-4.023278e-09	-4.361917e+01	-1.203684e+03
6.560000e-06	-8.221198e-09	-4.043428e-09	-4.393065e+01	-1.209632e+03
6.570000e-06	-8.278849e-09	-4.062788e-09	-4.423901e+01	-1.215378e+03
6.580000e-06	-8.335921e-09	-4.081055e-09	-4.454425e+01	-1.220821e+03
6.590000e-06	-8.392454e-09	-4.098492e-09	-4.484658e+01	-1.226029e+03
6.600000e-06	-8.448412e-09	-4.115529e-09	-4.514586e+01	-1.231124e+03
6.610000e-06	-8.503715e-09	-4.132708e-09	-4.544157e+01	-1.236222e+03
6.620000e-06	-8.558310e-09	-4.150120e-09	-4.573346e+01	-1.241353e+03
6.630000e-06	-8.612127e-09	-4.167399e-09	-4.602128e+01	-1.246460e+03
6.640000e-06	-8.665163e-09	-4.184627e-09	-4.630499e+01	-1.251564e+03
6.650000e-06	-8.717482e-09	-4.201450e-09	-4.658487e+01	-1.256550e+03
6.660000e-06	-8.769132e-09	-4.217447e-09	-4.686111e+01	-1.261312e+03
6.670000e-06	-8.820122e-09	-4.232597e-09	-4.713385e+01	-1.265834e+03
6.680000e-06	-8.870445e-09	-4.246491e-09	-4.740306e+01	-1.270011e+03
6.690000e-06	-8.920025e-09	-4.259538e-09	-4.766831e+01	-1.273958e+03
6.700000e-06	-8.968746e-09	-4.273190e-09	-4.792895e+01	-1.278045e+03
6.710000e-06	-9.016609e-09	-4.287148e-09	-4.818500e+01	-1.282178e+03
6.720000e-06	-9.063716e-09	-4.300612e-09	-4.843706e+01	-1.286165e+03
6.730000e-06	-9.110201e-09	-4.314171e-09	-4.868574e+01	-1.290173e+03
6.740000e-06	-9.156127e-09	-4.327584e-09	-4.893136e+01	-1.294140e+03
6.750000e-06	-9.201480e-09	-4.340544e-09	-4.917393e+01	-1.297972e+03
6.760000e-06	-9.246297e-09	-4.353111e-09	-4.941365e+01	-1.301668e+03
6.770000e-06	-9.290597e-09	-4.365053e-09	-4.965060e+01	-1.305188e+03
6.780000e-06	-9.334365e-09	-4.375593e-09	-4.988468e+01	-1.308363e+03
6.790000e-06	-9.377579e-09	-4.385088e-09	-5.011581e+01	-1.311262e+03
6.800000e-06	-9.420210e-09	-4.394755e-09	-5.034391e+01	-1.314175e+03
6.810000e-06	-9.462239e-09	-4.404831e-09	-5.056880e+01	-1.317188e+03
6.820000e-06	-9.503631e-09	-4.415705e-09	-5.079026e+01	-1.320391e+03
6.830000e-06	-9.544387e-09	-4.426911e-09	-5.100832e+01	-1.323663e+03
6.840000e-06	-9.584568e-09	-4.437168e-09	-5.122328e+01	-1.326691e+03
6.850000e-06	-9.624154e-09	-4.446713e-09	-5.143500e+01	-1.329514e+03
6.860000e-06	-9.663018e-09	-4.455944e-09	-5.164289e+01	-1.332234e+03
6.870000e-06	-9.701003e-09	-4.464207e-09	-5.184615e+01	-1.334698e+03
6.880000e-06	-9.738091e-09	-4.471338e-09	-5.204460e+01	-1.336876e+03
6.890000e-06	-9.774447e-09	-4.478472e-09	-5.223910e+01	-1.339061e+03
6.900000e-06	-9.810195e-09	-4.486883e-09	-5.243034e+01	-1.341561e+03
6.910000e-06	-9.845322e-09	-4.496535e-09	-5.261829e+01	-1.344354e+03
6.920000e-06	-9.879781e-09	-4.506235e-09	-5.280269e+01	-1.347154e+03
6.930000e-06	-9.913555e-09	-4.514978e-09	-5.298339e+01	-1.349714e+03
6.940000e-06	-9.946632e-09	-4.522513e-09	-5.316039e+01	-1.351952e+03
6.950000e-06	-9.979086e-09	-4.529165e-09	-5.333406e+01	-1.353959e+03
6.960000e-06	-1.001097e-08	-4.535424e-09	-5.350461e+01	-1.355859e+03
6.970000e-06	-1.004214e-08	-4.541416e-09	-5.367137e+01	-1.357678e+03
6.980000e-06	-1.007238e-08	-4.547913e-09	-5.383319e+01	-1.359609e+03
6.990000e-06	-1.010163e-08	-4.555054e-09	-5.398975e+01	-1.361702e+03
7.000000e-06	-1.013010e-08	-4.562542e-09	-5.414207e+01	-1.363883e+03
7.010000e-06	-1.015796e-08	-4.570305e-09	-5.429109e+01	-1.366117e+03
7.020000e-06	-1.018517e-08	-4.577584e-09	-5.443663e+01	-1.368222e+03
7.030000e-06	-1.021165e-08	-4.583633e-09	-5.457830e+01	-1.370034e+03
7.040000e-06	-1.023737e-08	-4.588631e-09	-5.471594e+01	-1.371575e+03
7.050000e-06	-1.026236e-08	-4.593487e-09	-5.484968e+01	-1.373055e+03
7.060000e-06	-1.028675e-08	-4.598970e-09	-5.498020e+01	-1.374669e+03
7.070000e-06	-1.031063e-08	-4.605059e-09	-5.510788e+01	-1.376412e+03
7.080000e-06	-1.033382e-08	-4.610878e-09	-5.523194e+01	-1.378100e+03
7.090000e-06	-1.035607e-08	-4.615945e-09	-5.535108e+01	-1.379606e+03
7.100000e-06	-1.037731e-08	-4.620825e-09	-5.546488e+01	-1.381063e+03
7.110000e-06	-1.039775e-08	-4.626021e-09	-5.557434e+01	-1.382603e+03
7.120000e-06	-1.041760e-08	-4.631064e-09	-5.568056e+01	-1.384088e+03
7.130000e-06	-1.043680e-08	-4.635323e-09	-5.578333e+01	-1.385365e+03
7.140000e-06	-1.045530e-08	-4.638827e-09	-5.588227e+01	-1.386434e+03
7.150000e-06	-1.047307e-08	-4.642246e-09	-5.597741e+01	-1.387459e+03
7.160000e-06	-1.049010e-08	-4.646183e-09	-5.606859e+01	-1.388596e+03
7.170000e-06	-1.050649e-08	-4.650409e-09	-5.615634e+01	-1.389803e+03
7.180000e-06	-1.052232e-08	-4.654495e-09	-5.624110e+01	-1.390986e+03
7.190000e-06	-1.053737e-08	-4.658164e-09	-5.632166e+01	-1.392077e+03
7.200000e-06	-1.055128e-08	-4.661425e-09	-5.639625e+01	-1.393067e+03
7.210000e-06	-1.056413e-08	-4.664498e-09	-5.646511e+01	-1.393996e+03
7.220000e-06	-1.057619e-08	-4.667145e-09	-5.652964e+01	-1.394803e+03
7.230000e-06	-1.058751e-08	-4.669434e-09	-5.659018e+01	-1.395497e+03
7.240000e-06	-1.059808e-08	-4.671750e-09	-5.664679e+01	-1.396175e+03
7.250000e-06	-1.060793e-08	-4.674319e-09	-5.669952e+01	-1.396919e+03
7.260000e-06	-1.061702e-08	-4.677224e-09	-5.674823e+01	-1.397755e+03
7.270000e-06	-1.062544e-08	-4.680248e-09	-5.679337e+01	-1.398621e+03
7.280000e-06	-1.063331e-08	-4.682741e-09	-5.683551e+01	-1.399354e+03
7.290000e-06	-1.064044e-08	-4.684023e-09	-5.687377e+01	-1.399778e+03
7.300000e-06	-1.064656e-08	-4.684703e-09	-5.690666e+01	-1.400042e+03
7.310000e-06	-1.065165e-08	-4.685809e-09	-5.693411e+01	-1.400404e+03
7.320000e-06	-1.065598e-08	-4.687339e-09	-5.695739e+01	-1.400860e+03
7.330000e-06	-1.065972e-08	-4.688709e-09	-5.697748e+01	-1.401259e+03
7.340000e-06	-1.066280e-08	-4.689720e-09	-5.699408e+01	-1.401559e+03
7.350000e-06	-1.066520e-08	-4.690731e-09	-5.700701e+01	-1.401860e+03
7.360000e-06	-1.066692e-08	-4.691748e-09	-5.701623e+01	-1.402172e+03
7.370000e-06	-1.066785e-08	-4.692549e-09	-5.702127e+01	-1.402422e+03
