# Configuracion:
# Concentracion g/m^3_=_10000.0
# C_Vs_to_Am_M_A/Vsm_=_254322799225.57578
# pendiente_HvsI_1/m_=_3716.3
# ordenada_HvsI_A/m_=_1297.0
# frecuencia_ref_Hz_=_135148.73321322975
# 
Resultados:
# tau_s_=_(2.99+/-0.03)e-07
# dphi_rad_=_6.53+/-0.00
# SAR_W/g_=_471.39+/-6.61
# Hc_kA/m_=_11.89+/-0.06
# Mr_A/m_=_336.58+/-4.90
# Suceptibilidad_a_M=0_=_0.0362+/-0.0006

Nombre_archivo	Time_m	Temperatura_(ºC)	Mr_(A/m)	Hc_(kA/m)	Campo_max_(A/m)	Mag_max_(A/m)	f0	mag0	dphi0	SAR_(W/g)	Tau_(s)	N	xi_M_0
135kHz_100dA_100Mss_Ni0sRD005.txt	29/05/2024 16:22:23	21.6	318.76	11.82	38460.00	866.25	1.351351e+05	6.653592e+00	6.530101e+00	450.20	2.968406e-07	4440	3.422e-02
135kHz_100dA_100Mss_Ni0sRD006.txt	29/05/2024 16:22:24	21.6	333.89	12.03	38460.00	856.25	1.351351e+05	6.784029e+00	6.538216e+00	473.79	3.070243e-07	4440	3.544e-02
135kHz_100dA_100Mss_Ni0sRD007.txt	29/05/2024 16:22:24	21.6	326.16	11.78	38460.00	895.18	1.351351e+05	6.833977e+00	6.526126e+00	455.11	2.918651e-07	4440	3.516e-02
135kHz_100dA_100Mss_Ni0sRD008.txt	29/05/2024 16:22:25	21.6	332.54	12.04	38460.00	856.86	1.351351e+05	6.756544e+00	6.537275e+00	470.16	3.058438e-07	4440	3.567e-02
135kHz_100dA_100Mss_Ni0sRD009.txt	29/05/2024 16:22:25	21.6	329.61	11.93	38460.00	866.64	1.351656e+05	6.750017e+00	6.531389e+00	459.16	2.984571e-07	4439	3.570e-02
135kHz_100dA_100Mss_Ni0sRD010.txt	29/05/2024 16:22:26	21.7	335.71	11.96	38460.00	871.39	1.351351e+05	6.878864e+00	6.535279e+00	475.00	3.033349e-07	4440	3.584e-02
135kHz_100dA_100Mss_Ni0sRD011.txt	29/05/2024 16:22:27	21.7	333.74	11.88	38460.00	885.65	1.351351e+05	6.893047e+00	6.530804e+00	467.70	2.977291e-07	4440	3.574e-02
135kHz_100dA_100Mss_Ni0sRD012.txt	29/05/2024 16:22:27	21.7	334.12	11.87	38460.00	884.24	1.351351e+05	6.903819e+00	6.530655e+00	468.16	2.975348e-07	4440	3.600e-02
135kHz_100dA_100Mss_Ni0sRD013.txt	29/05/2024 16:22:28	21.7	334.11	11.91	38460.00	886.81	1.351351e+05	6.875250e+00	6.532263e+00	469.19	2.995486e-07	4440	3.572e-02
135kHz_100dA_100Mss_Ni0sRD014.txt	29/05/2024 16:22:29	21.7	337.20	11.97	38460.00	887.77	1.351351e+05	6.889419e+00	6.534677e+00	474.61	3.025812e-07	4440	3.597e-02
135kHz_100dA_100Mss_Ni0sRD015.txt	29/05/2024 16:22:30	21.7	335.18	11.85	38460.00	894.01	1.351351e+05	6.948004e+00	6.529867e+00	469.68	2.965482e-07	4440	3.618e-02
135kHz_100dA_100Mss_Ni0sRD016.txt	29/05/2024 16:22:33	21.8	335.43	11.84	38460.00	892.68	1.351351e+05	6.938743e+00	6.529115e+00	467.66	2.956064e-07	4440	3.623e-02
135kHz_100dA_100Mss_Ni0sRD017.txt	29/05/2024 16:22:33	21.8	337.42	11.87	38460.00	886.51	1.351351e+05	6.956771e+00	6.530846e+00	472.10	2.977736e-07	4440	3.666e-02
135kHz_100dA_100Mss_Ni0sRD018.txt	29/05/2024 16:22:34	21.8	335.33	11.85	38460.00	895.39	1.351351e+05	6.925784e+00	6.529725e+00	467.92	2.963684e-07	4440	3.645e-02
135kHz_100dA_100Mss_Ni0sRD019.txt	29/05/2024 16:22:36	21.8	337.54	11.88	38460.00	880.42	1.351656e+05	6.949614e+00	6.530973e+00	471.96	2.979323e-07	4439	3.619e-02
135kHz_100dA_100Mss_Ni0sRD020.txt	29/05/2024 16:22:37	21.9	339.31	11.90	38460.00	892.08	1.351351e+05	6.971099e+00	6.532625e+00	476.40	3.000053e-07	4440	3.622e-02
135kHz_100dA_100Mss_Ni0sRD021.txt	29/05/2024 16:22:38	21.9	338.23	11.83	38460.00	889.10	1.351351e+05	6.995182e+00	6.529385e+00	471.97	2.959399e-07	4440	3.646e-02
135kHz_100dA_100Mss_Ni0sRD022.txt	29/05/2024 16:22:39	21.8	338.65	11.92	38460.00	879.29	1.351351e+05	6.936085e+00	6.533034e+00	474.77	3.005127e-07	4440	3.611e-02
135kHz_100dA_100Mss_Ni0sRD023.txt	29/05/2024 16:22:39	21.8	339.10	11.96	38460.00	887.05	1.351351e+05	6.925866e+00	6.534179e+00	476.20	3.019506e-07	4440	3.633e-02
135kHz_100dA_100Mss_Ni0sRD024.txt	29/05/2024 16:22:41	21.9	339.21	11.95	38460.00	877.73	1.351351e+05	6.925597e+00	6.533790e+00	475.46	3.014629e-07	4440	3.629e-02
135kHz_100dA_100Mss_Ni0sRD025.txt	29/05/2024 16:22:42	21.9	338.76	11.92	38460.00	877.23	1.351351e+05	6.930122e+00	6.533158e+00	474.59	3.006650e-07	4440	3.652e-02
135kHz_100dA_100Mss_Ni0sRD026.txt	29/05/2024 16:22:43	21.9	340.74	11.90	38460.00	887.39	1.351351e+05	6.976925e+00	6.532378e+00	476.34	2.996921e-07	4440	3.656e-02
135kHz_100dA_100Mss_Ni0sRD027.txt	29/05/2024 16:22:44	21.9	337.97	11.84	38460.00	883.44	1.351351e+05	6.986090e+00	6.529866e+00	472.26	2.965397e-07	4440	3.643e-02
135kHz_100dA_100Mss_Ni0sRD028.txt	29/05/2024 16:22:45	21.9	341.92	11.91	38460.00	880.39	1.351656e+05	6.979146e+00	6.532633e+00	477.08	3.000134e-07	4439	3.662e-02
135kHz_100dA_100Mss_Ni0sRD029.txt	29/05/2024 16:22:49	21.9	341.08	11.93	38460.00	882.51	1.351351e+05	6.956891e+00	6.534076e+00	478.14	3.018215e-07	4440	3.666e-02
135kHz_100dA_100Mss_Ni0sRD030.txt	29/05/2024 16:22:52	21.9	343.70	11.93	38460.00	880.29	1.351351e+05	7.016740e+00	6.534071e+00	482.24	3.018174e-07	4440	3.690e-02
135kHz_100dA_100Mss_Ni0sRD031.txt	29/05/2024 16:22:53	21.9	337.89	11.82	38460.00	890.27	1.351351e+05	6.977555e+00	6.528567e+00	469.25	2.949221e-07	4440	3.656e-02
135kHz_100dA_100Mss_Ni0sRD032.txt	29/05/2024 16:22:54	21.9	337.54	11.84	38460.00	889.84	1.351351e+05	6.944358e+00	6.529402e+00	468.57	2.959654e-07	4440	3.645e-02
135kHz_100dA_100Mss_Ni0sRD033.txt	29/05/2024 16:22:54	21.9	339.69	11.84	38460.00	882.79	1.351351e+05	6.975338e+00	6.530597e+00	472.90	2.974538e-07	4440	3.668e-02
135kHz_100dA_100Mss_Ni0sRD034.txt	29/05/2024 16:22:55	21.9	342.37	11.81	38460.00	894.57	1.351351e+05	7.084691e+00	6.530192e+00	479.54	2.969549e-07	4440	3.725e-02
135kHz_100dA_100Mss_Ni0sRD035.txt	29/05/2024 16:22:55	21.9	341.05	11.83	38460.00	911.90	1.351656e+05	7.034124e+00	6.529510e+00	474.94	2.961003e-07	4439	3.686e-02
