# Temperatura_=_23.250000000000007
# Concentracion g/m^3_=_10000.0
# C_Vs_to_Am_M_A/Vsm_=_254322799225.57578
# pendiente_HvsI_1/m_=_3716.3
# ordenada_HvsI_A/m_=_1297.0
# frecuencia_Hz_=_135155.7723810849
# Promedio de 36 ciclos

Tiempo_(s)	Campo_(V.s)	Magnetizacion_(V.s)	Campo_(kA/m)	Magnetizacion_(A/m)
0.000000e+00	-6.995488e-09	-2.477638e-09	-3.845081e+01	-7.127735e+02
1.000000e-08	-6.995662e-09	-2.477218e-09	-3.845168e+01	-7.127141e+02
2.000000e-08	-6.995514e-09	-2.476928e-09	-3.845080e+01	-7.126669e+02
3.000000e-08	-6.994909e-09	-2.477103e-09	-3.844740e+01	-7.127026e+02
4.000000e-08	-6.993647e-09	-2.477317e-09	-3.844041e+01	-7.127270e+02
5.000000e-08	-6.991626e-09	-2.477408e-09	-3.842923e+01	-7.127255e+02
6.000000e-08	-6.988899e-09	-2.477498e-09	-3.841411e+01	-7.127499e+02
7.000000e-08	-6.985599e-09	-2.477717e-09	-3.839581e+01	-7.128698e+02
8.000000e-08	-6.981843e-09	-2.478160e-09	-3.837502e+01	-7.129713e+02
9.000000e-08	-6.977532e-09	-2.476625e-09	-3.835124e+01	-7.122554e+02
1.000000e-07	-6.972512e-09	-2.472033e-09	-3.832358e+01	-7.108004e+02
1.100000e-07	-6.966924e-09	-2.472244e-09	-3.829277e+01	-7.113625e+02
1.200000e-07	-6.961091e-09	-2.478716e-09	-3.826064e+01	-7.135397e+02
1.300000e-07	-6.955066e-09	-2.476645e-09	-3.822745e+01	-7.126162e+02
1.400000e-07	-6.948533e-09	-2.465837e-09	-3.819145e+01	-7.091691e+02
1.500000e-07	-6.941359e-09	-2.467313e-09	-3.815193e+01	-7.098205e+02
1.600000e-07	-6.933798e-09	-2.479821e-09	-3.811032e+01	-7.137834e+02
1.700000e-07	-6.925988e-09	-2.478818e-09	-3.806733e+01	-7.132408e+02
1.800000e-07	-6.917738e-09	-2.470784e-09	-3.802190e+01	-7.104764e+02
1.900000e-07	-6.908888e-09	-2.479877e-09	-3.797320e+01	-7.130364e+02
2.000000e-07	-6.899561e-09	-2.491776e-09	-3.792188e+01	-7.167882e+02
2.100000e-07	-6.889765e-09	-2.482256e-09	-3.786796e+01	-7.141600e+02
2.200000e-07	-6.879232e-09	-2.473218e-09	-3.780994e+01	-7.113478e+02
2.300000e-07	-6.867922e-09	-2.489318e-09	-3.774765e+01	-7.156226e+02
2.400000e-07	-6.856079e-09	-2.503127e-09	-3.768239e+01	-7.193531e+02
2.500000e-07	-6.843746e-09	-2.492276e-09	-3.761447e+01	-7.161847e+02
2.600000e-07	-6.830790e-09	-2.484823e-09	-3.754315e+01	-7.140740e+02
2.700000e-07	-6.817243e-09	-2.495553e-09	-3.746860e+01	-7.171070e+02
2.800000e-07	-6.803170e-09	-2.495071e-09	-3.739118e+01	-7.169162e+02
2.900000e-07	-6.788446e-09	-2.479845e-09	-3.731022e+01	-7.126845e+02
3.000000e-07	-6.772924e-09	-2.481206e-09	-3.722486e+01	-7.130841e+02
3.100000e-07	-6.756732e-09	-2.490546e-09	-3.713584e+01	-7.154762e+02
3.200000e-07	-6.740047e-09	-2.480006e-09	-3.704407e+01	-7.124251e+02
3.300000e-07	-6.722924e-09	-2.470953e-09	-3.694988e+01	-7.101327e+02
3.400000e-07	-6.705467e-09	-2.480352e-09	-3.685388e+01	-7.128483e+02
3.500000e-07	-6.687672e-09	-2.479370e-09	-3.675601e+01	-7.124066e+02
3.600000e-07	-6.669391e-09	-2.464887e-09	-3.665547e+01	-7.083217e+02
3.700000e-07	-6.650575e-09	-2.466901e-09	-3.655196e+01	-7.088640e+02
3.800000e-07	-6.631330e-09	-2.474380e-09	-3.644607e+01	-7.107419e+02
3.900000e-07	-6.611742e-09	-2.461128e-09	-3.633828e+01	-7.070542e+02
4.000000e-07	-6.591827e-09	-2.451222e-09	-3.622873e+01	-7.044284e+02
4.100000e-07	-6.571565e-09	-2.461109e-09	-3.611728e+01	-7.070136e+02
4.200000e-07	-6.550876e-09	-2.459664e-09	-3.600348e+01	-7.065526e+02
4.300000e-07	-6.529697e-09	-2.444315e-09	-3.588698e+01	-7.025406e+02
4.400000e-07	-6.508063e-09	-2.443775e-09	-3.576796e+01	-7.022596e+02
4.500000e-07	-6.486008e-09	-2.448041e-09	-3.564661e+01	-7.031301e+02
4.600000e-07	-6.463490e-09	-2.438357e-09	-3.552276e+01	-7.006052e+02
4.700000e-07	-6.440480e-09	-2.432330e-09	-3.539620e+01	-6.990620e+02
4.800000e-07	-6.417059e-09	-2.436476e-09	-3.526736e+01	-6.999051e+02
4.900000e-07	-6.393331e-09	-2.430823e-09	-3.513685e+01	-6.983545e+02
5.000000e-07	-6.369294e-09	-2.419741e-09	-3.500466e+01	-6.955392e+02
5.100000e-07	-6.344854e-09	-2.419285e-09	-3.487024e+01	-6.951998e+02
5.200000e-07	-6.319832e-09	-2.418680e-09	-3.473261e+01	-6.948431e+02
5.300000e-07	-6.294056e-09	-2.409542e-09	-3.459081e+01	-6.925311e+02
5.400000e-07	-6.267519e-09	-2.405092e-09	-3.444484e+01	-6.912130e+02
5.500000e-07	-6.240380e-09	-2.406377e-09	-3.429553e+01	-6.912976e+02
5.600000e-07	-6.212825e-09	-2.401365e-09	-3.414396e+01	-6.900661e+02
5.700000e-07	-6.184976e-09	-2.393249e-09	-3.399079e+01	-6.878931e+02
5.800000e-07	-6.156848e-09	-2.389951e-09	-3.383611e+01	-6.866916e+02
5.900000e-07	-6.128343e-09	-2.386117e-09	-3.367933e+01	-6.856296e+02
6.000000e-07	-6.099402e-09	-2.378628e-09	-3.352017e+01	-6.837252e+02
6.100000e-07	-6.070039e-09	-2.374241e-09	-3.335869e+01	-6.823012e+02
6.200000e-07	-6.040286e-09	-2.372802e-09	-3.319508e+01	-6.817179e+02
6.300000e-07	-6.010144e-09	-2.367596e-09	-3.302934e+01	-6.803899e+02
6.400000e-07	-5.979564e-09	-2.360402e-09	-3.286116e+01	-6.783731e+02
6.500000e-07	-5.948547e-09	-2.355932e-09	-3.269058e+01	-6.769791e+02
6.600000e-07	-5.917149e-09	-2.351172e-09	-3.251790e+01	-6.756979e+02
6.700000e-07	-5.885461e-09	-2.344473e-09	-3.234365e+01	-6.738305e+02
6.800000e-07	-5.853510e-09	-2.339687e-09	-3.216796e+01	-6.723299e+02
6.900000e-07	-5.821208e-09	-2.335679e-09	-3.199034e+01	-6.711779e+02
7.000000e-07	-5.788421e-09	-2.329206e-09	-3.181006e+01	-6.694394e+02
7.100000e-07	-5.755027e-09	-2.323017e-09	-3.162640e+01	-6.676232e+02
7.200000e-07	-5.720960e-09	-2.318117e-09	-3.143907e+01	-6.661714e+02
7.300000e-07	-5.686278e-09	-2.311764e-09	-3.124840e+01	-6.644371e+02
7.400000e-07	-5.651125e-09	-2.305012e-09	-3.105512e+01	-6.625393e+02
7.500000e-07	-5.615626e-09	-2.299612e-09	-3.085992e+01	-6.609446e+02
7.600000e-07	-5.579860e-09	-2.294253e-09	-3.066327e+01	-6.594134e+02
7.700000e-07	-5.543820e-09	-2.288595e-09	-3.046512e+01	-6.577874e+02
7.800000e-07	-5.507434e-09	-2.282688e-09	-3.026505e+01	-6.560539e+02
7.900000e-07	-5.470646e-09	-2.275820e-09	-3.006276e+01	-6.541058e+02
8.000000e-07	-5.433453e-09	-2.269003e-09	-2.985826e+01	-6.522040e+02
8.100000e-07	-5.395879e-09	-2.263245e-09	-2.965165e+01	-6.505478e+02
8.200000e-07	-5.357922e-09	-2.257453e-09	-2.944292e+01	-6.488652e+02
8.300000e-07	-5.319533e-09	-2.251408e-09	-2.923178e+01	-6.471230e+02
8.400000e-07	-5.280686e-09	-2.245052e-09	-2.901811e+01	-6.452965e+02
8.500000e-07	-5.241455e-09	-2.237632e-09	-2.880238e+01	-6.431921e+02
8.600000e-07	-5.201964e-09	-2.230143e-09	-2.858525e+01	-6.410617e+02
8.700000e-07	-5.162283e-09	-2.223332e-09	-2.836707e+01	-6.391011e+02
8.800000e-07	-5.122394e-09	-2.216101e-09	-2.814773e+01	-6.370325e+02
8.900000e-07	-5.082253e-09	-2.208330e-09	-2.792698e+01	-6.348357e+02
9.000000e-07	-5.041792e-09	-2.200812e-09	-2.770446e+01	-6.327082e+02
9.100000e-07	-5.000878e-09	-2.193487e-09	-2.747945e+01	-6.306171e+02
9.200000e-07	-4.959377e-09	-2.186083e-09	-2.725114e+01	-6.284839e+02
9.300000e-07	-4.917231e-09	-2.178492e-09	-2.701919e+01	-6.263063e+02
9.400000e-07	-4.874511e-09	-2.170738e-09	-2.678414e+01	-6.241007e+02
9.500000e-07	-4.831360e-09	-2.163114e-09	-2.654677e+01	-6.219296e+02
9.600000e-07	-4.787892e-09	-2.155723e-09	-2.630771e+01	-6.198040e+02
9.700000e-07	-4.744179e-09	-2.148136e-09	-2.606734e+01	-6.176270e+02
9.800000e-07	-4.700240e-09	-2.140205e-09	-2.582573e+01	-6.153580e+02
9.900000e-07	-4.656060e-09	-2.131682e-09	-2.558278e+01	-6.129370e+02
1.000000e-06	-4.611607e-09	-2.122711e-09	-2.533832e+01	-6.104004e+02
1.010000e-06	-4.566846e-09	-2.114039e-09	-2.509223e+01	-6.079267e+02
1.020000e-06	-4.521768e-09	-2.105819e-09	-2.484445e+01	-6.055478e+02
1.030000e-06	-4.476366e-09	-2.097725e-09	-2.459487e+01	-6.032077e+02
1.040000e-06	-4.430652e-09	-2.089477e-09	-2.434354e+01	-6.008409e+02
1.050000e-06	-4.384640e-09	-2.080858e-09	-2.409057e+01	-5.983809e+02
1.060000e-06	-4.338317e-09	-2.071824e-09	-2.383583e+01	-5.958060e+02
1.070000e-06	-4.291666e-09	-2.062555e-09	-2.357932e+01	-5.931545e+02
1.080000e-06	-4.244676e-09	-2.053095e-09	-2.332102e+01	-5.904455e+02
1.090000e-06	-4.197378e-09	-2.043530e-09	-2.306103e+01	-5.877153e+02
1.100000e-06	-4.149838e-09	-2.034227e-09	-2.279970e+01	-5.850564e+02
1.110000e-06	-4.102092e-09	-2.025244e-09	-2.253722e+01	-5.824780e+02
1.120000e-06	-4.054166e-09	-2.016160e-09	-2.227375e+01	-5.798570e+02
1.130000e-06	-4.006034e-09	-2.006561e-09	-2.200919e+01	-5.770869e+02
1.140000e-06	-3.957640e-09	-1.996258e-09	-2.174320e+01	-5.741569e+02
1.150000e-06	-3.908923e-09	-1.985921e-09	-2.147546e+01	-5.712407e+02
1.160000e-06	-3.859820e-09	-1.976309e-09	-2.120565e+01	-5.685067e+02
1.170000e-06	-3.810297e-09	-1.967105e-09	-2.093347e+01	-5.658490e+02
1.180000e-06	-3.760329e-09	-1.957540e-09	-2.065873e+01	-5.630804e+02
1.190000e-06	-3.709892e-09	-1.947139e-09	-2.038145e+01	-5.601079e+02
1.200000e-06	-3.659023e-09	-1.936158e-09	-2.010190e+01	-5.569927e+02
1.210000e-06	-3.607795e-09	-1.925075e-09	-1.982037e+01	-5.538382e+02
1.220000e-06	-3.556260e-09	-1.913949e-09	-1.953710e+01	-5.506706e+02
1.230000e-06	-3.504468e-09	-1.903250e-09	-1.925243e+01	-5.476142e+02
1.240000e-06	-3.452450e-09	-1.893093e-09	-1.896656e+01	-5.446978e+02
1.250000e-06	-3.400205e-09	-1.882665e-09	-1.867944e+01	-5.417209e+02
1.260000e-06	-3.347737e-09	-1.871859e-09	-1.839110e+01	-5.386346e+02
1.270000e-06	-3.295037e-09	-1.860559e-09	-1.810146e+01	-5.353878e+02
1.280000e-06	-3.242084e-09	-1.848704e-09	-1.781045e+01	-5.319919e+02
1.290000e-06	-3.188893e-09	-1.836800e-09	-1.751811e+01	-5.285957e+02
1.300000e-06	-3.135479e-09	-1.824729e-09	-1.722452e+01	-5.251801e+02
1.310000e-06	-3.081861e-09	-1.812905e-09	-1.692982e+01	-5.218371e+02
1.320000e-06	-3.028051e-09	-1.802043e-09	-1.663407e+01	-5.187191e+02
1.330000e-06	-2.974057e-09	-1.791751e-09	-1.633730e+01	-5.157194e+02
1.340000e-06	-2.919849e-09	-1.781023e-09	-1.603941e+01	-5.125999e+02
1.350000e-06	-2.865398e-09	-1.769398e-09	-1.574018e+01	-5.092575e+02
1.360000e-06	-2.810726e-09	-1.757101e-09	-1.543969e+01	-5.057458e+02
1.370000e-06	-2.755837e-09	-1.744119e-09	-1.513802e+01	-5.020474e+02
1.380000e-06	-2.700735e-09	-1.730654e-09	-1.483519e+01	-4.982285e+02
1.390000e-06	-2.645455e-09	-1.717700e-09	-1.453135e+01	-4.945592e+02
1.400000e-06	-2.590018e-09	-1.705743e-09	-1.422664e+01	-4.911461e+02
1.410000e-06	-2.534447e-09	-1.694308e-09	-1.392120e+01	-4.878441e+02
1.420000e-06	-2.478776e-09	-1.682506e-09	-1.361521e+01	-4.844178e+02
1.430000e-06	-2.423012e-09	-1.670307e-09	-1.330869e+01	-4.808734e+02
1.440000e-06	-2.367162e-09	-1.657624e-09	-1.300172e+01	-4.772102e+02
1.450000e-06	-2.311233e-09	-1.643790e-09	-1.269433e+01	-4.732785e+02
1.460000e-06	-2.255213e-09	-1.629476e-09	-1.238644e+01	-4.692351e+02
1.470000e-06	-2.199081e-09	-1.615552e-09	-1.207794e+01	-4.652676e+02
1.480000e-06	-2.142821e-09	-1.602312e-09	-1.176873e+01	-4.614532e+02
1.490000e-06	-2.086407e-09	-1.589902e-09	-1.145864e+01	-4.578465e+02
1.500000e-06	-2.029802e-09	-1.577599e-09	-1.114753e+01	-4.542566e+02
1.510000e-06	-1.972994e-09	-1.564137e-09	-1.083530e+01	-4.503692e+02
1.520000e-06	-1.915977e-09	-1.549417e-09	-1.052199e+01	-4.461564e+02
1.530000e-06	-1.858761e-09	-1.534262e-09	-1.020757e+01	-4.418179e+02
1.540000e-06	-1.801353e-09	-1.518923e-09	-9.892032e+00	-4.374387e+02
1.550000e-06	-1.743762e-09	-1.503715e-09	-9.575505e+00	-4.331058e+02
1.560000e-06	-1.685993e-09	-1.489218e-09	-9.258052e+00	-4.289468e+02
1.570000e-06	-1.628032e-09	-1.475028e-09	-8.939598e+00	-4.248500e+02
1.580000e-06	-1.569869e-09	-1.460696e-09	-8.620018e+00	-4.206999e+02
1.590000e-06	-1.511494e-09	-1.445996e-09	-8.299247e+00	-4.164512e+02
1.600000e-06	-1.452917e-09	-1.430221e-09	-7.977355e+00	-4.119348e+02
1.610000e-06	-1.394186e-09	-1.413466e-09	-7.654588e+00	-4.071675e+02
1.620000e-06	-1.335306e-09	-1.396592e-09	-7.330935e+00	-4.023503e+02
1.630000e-06	-1.276267e-09	-1.380029e-09	-7.006397e+00	-3.975940e+02
1.640000e-06	-1.217109e-09	-1.363993e-09	-6.681205e+00	-3.929731e+02
1.650000e-06	-1.157853e-09	-1.348075e-09	-6.355454e+00	-3.883930e+02
1.660000e-06	-1.098505e-09	-1.331618e-09	-6.029232e+00	-3.836738e+02
1.670000e-06	-1.039086e-09	-1.314824e-09	-5.702664e+00	-3.788415e+02
1.680000e-06	-9.796133e-10	-1.297921e-09	-5.375827e+00	-3.739612e+02
1.690000e-06	-9.200948e-10	-1.280684e-09	-5.048715e+00	-3.689931e+02
1.700000e-06	-8.605387e-10	-1.262871e-09	-4.721361e+00	-3.638680e+02
1.710000e-06	-8.009555e-10	-1.244085e-09	-4.393858e+00	-3.584891e+02
1.720000e-06	-7.413351e-10	-1.224542e-09	-4.066163e+00	-3.529156e+02
1.730000e-06	-6.816734e-10	-1.205286e-09	-3.738249e+00	-3.474136e+02
1.740000e-06	-6.219770e-10	-1.187090e-09	-3.410149e+00	-3.421805e+02
1.750000e-06	-5.622525e-10	-1.169342e-09	-3.081860e+00	-3.370512e+02
1.760000e-06	-5.024974e-10	-1.150987e-09	-2.753372e+00	-3.317495e+02
1.770000e-06	-4.427132e-10	-1.131945e-09	-2.424740e+00	-3.262524e+02
1.780000e-06	-3.829130e-10	-1.112356e-09	-2.096045e+00	-3.206026e+02
1.790000e-06	-3.231039e-10	-1.092233e-09	-1.767307e+00	-3.148169e+02
1.800000e-06	-2.632873e-10	-1.071433e-09	-1.438539e+00	-3.088741e+02
1.810000e-06	-2.034625e-10	-1.050022e-09	-1.109756e+00	-3.027781e+02
1.820000e-06	-1.436306e-10	-1.028662e-09	-7.809321e-01	-2.966816e+02
1.830000e-06	-8.380970e-11	-1.008244e-09	-4.521540e-01	-2.907975e+02
1.840000e-06	-2.400364e-11	-9.885163e-10	-1.234455e-01	-2.850656e+02
1.850000e-06	3.580818e-11	-9.684563e-10	2.053005e-01	-2.792530e+02
1.860000e-06	9.562374e-11	-9.474945e-10	5.340573e-01	-2.732191e+02
1.870000e-06	1.554375e-10	-9.255791e-10	8.628084e-01	-2.669370e+02
1.880000e-06	2.152533e-10	-9.032312e-10	1.191600e+00	-2.605294e+02
1.890000e-06	2.750616e-10	-8.808211e-10	1.520338e+00	-2.540946e+02
1.900000e-06	3.348564e-10	-8.582804e-10	1.848984e+00	-2.476243e+02
1.910000e-06	3.946360e-10	-8.355175e-10	2.177568e+00	-2.410924e+02
1.920000e-06	4.543961e-10	-8.126733e-10	2.506043e+00	-2.345296e+02
1.930000e-06	5.141428e-10	-7.903891e-10	2.834432e+00	-2.280946e+02
1.940000e-06	5.738634e-10	-7.683947e-10	3.162688e+00	-2.217142e+02
1.950000e-06	6.335474e-10	-7.453928e-10	3.490766e+00	-2.150751e+02
1.960000e-06	6.932052e-10	-7.211904e-10	3.818684e+00	-2.081406e+02
1.970000e-06	7.528212e-10	-6.964815e-10	4.146371e+00	-2.010702e+02
1.980000e-06	8.123846e-10	-6.717784e-10	4.473779e+00	-1.939887e+02
1.990000e-06	8.719021e-10	-6.471259e-10	4.800891e+00	-1.869104e+02
2.000000e-06	9.313881e-10	-6.222848e-10	5.127800e+00	-1.797677e+02
2.010000e-06	9.908348e-10	-5.972052e-10	5.454501e+00	-1.725494e+02
2.020000e-06	1.050227e-09	-5.720342e-10	5.780882e+00	-1.652962e+02
2.030000e-06	1.109556e-09	-5.468201e-10	6.106912e+00	-1.580228e+02
2.040000e-06	1.168801e-09	-5.212894e-10	6.432471e+00	-1.506584e+02
2.050000e-06	1.227948e-09	-4.948981e-10	6.757501e+00	-1.430671e+02
2.060000e-06	1.286988e-09	-4.676595e-10	7.081968e+00	-1.352545e+02
2.070000e-06	1.345895e-09	-4.401660e-10	7.405671e+00	-1.273649e+02
2.080000e-06	1.404653e-09	-4.128013e-10	7.728578e+00	-1.194949e+02
2.090000e-06	1.463257e-09	-3.857484e-10	8.050610e+00	-1.116878e+02
2.100000e-06	1.521676e-09	-3.586459e-10	8.371578e+00	-1.038482e+02
2.110000e-06	1.579896e-09	-3.308395e-10	8.691467e+00	-9.581019e+01
2.120000e-06	1.637901e-09	-3.022684e-10	9.010227e+00	-8.755733e+01
2.130000e-06	1.695698e-09	-2.730157e-10	9.327811e+00	-7.911834e+01
2.140000e-06	1.753312e-09	-2.432871e-10	9.644343e+00	-7.055354e+01
2.150000e-06	1.810728e-09	-2.132941e-10	9.959785e+00	-6.190380e+01
2.160000e-06	1.867952e-09	-1.828466e-10	1.027415e+01	-5.311485e+01
2.170000e-06	1.924989e-09	-1.518415e-10	1.058751e+01	-4.417990e+01
2.180000e-06	1.981829e-09	-1.205652e-10	1.089983e+01	-3.517212e+01
2.190000e-06	2.038478e-09	-8.939777e-11	1.121113e+01	-2.616926e+01
2.200000e-06	2.094940e-09	-5.793718e-11	1.152140e+01	-1.706412e+01
2.210000e-06	2.151235e-09	-2.574422e-11	1.183079e+01	-7.752754e+00
2.220000e-06	2.207386e-09	6.966094e-12	1.213943e+01	1.708994e+00
2.230000e-06	2.263420e-09	4.017821e-11	1.244740e+01	1.131475e+01
2.240000e-06	2.319342e-09	7.368692e-11	1.275476e+01	2.100301e+01
2.250000e-06	2.375164e-09	1.074857e-10	1.306159e+01	3.076649e+01
2.260000e-06	2.430885e-09	1.420801e-10	1.336786e+01	4.073738e+01
2.270000e-06	2.486499e-09	1.772120e-10	1.367352e+01	5.085147e+01
2.280000e-06	2.541990e-09	2.125272e-10	1.397849e+01	6.102381e+01
2.290000e-06	2.597330e-09	2.476043e-10	1.428261e+01	7.115359e+01
2.300000e-06	2.652514e-09	2.821249e-10	1.458586e+01	8.116583e+01
2.310000e-06	2.707537e-09	3.167984e-10	1.488823e+01	9.122350e+01
2.320000e-06	2.762361e-09	3.520915e-10	1.518952e+01	1.014234e+02
2.330000e-06	2.816972e-09	3.877795e-10	1.548965e+01	1.117122e+02
2.340000e-06	2.871385e-09	4.234946e-10	1.578872e+01	1.220033e+02
2.350000e-06	2.925619e-09	4.592444e-10	1.608678e+01	1.323081e+02
2.360000e-06	2.979660e-09	4.951435e-10	1.638374e+01	1.426613e+02
2.370000e-06	3.033486e-09	5.311150e-10	1.667953e+01	1.530397e+02
2.380000e-06	3.087104e-09	5.670470e-10	1.697416e+01	1.633987e+02
2.390000e-06	3.140498e-09	6.021730e-10	1.726756e+01	1.735426e+02
2.400000e-06	3.193659e-09	6.361441e-10	1.755968e+01	1.833949e+02
2.410000e-06	3.246578e-09	6.700221e-10	1.785046e+01	1.932210e+02
2.420000e-06	3.299250e-09	7.047326e-10	1.813988e+01	2.032449e+02
2.430000e-06	3.351679e-09	7.402078e-10	1.842796e+01	2.134512e+02
2.440000e-06	3.403870e-09	7.758958e-10	1.871474e+01	2.237087e+02
2.450000e-06	3.455817e-09	8.110348e-10	1.900023e+01	2.338224e+02
2.460000e-06	3.507510e-09	8.450044e-10	1.928436e+01	2.436340e+02
2.470000e-06	3.558944e-09	8.781674e-10	1.956705e+01	2.532231e+02
2.480000e-06	3.610071e-09	9.109226e-10	1.984801e+01	2.626779e+02
2.490000e-06	3.660813e-09	9.430844e-10	2.012682e+01	2.719703e+02
2.500000e-06	3.711140e-09	9.749721e-10	2.040339e+01	2.811899e+02
2.510000e-06	3.761035e-09	1.006958e-09	2.067752e+01	2.904227e+02
2.520000e-06	3.810484e-09	1.039224e-09	2.094911e+01	2.997051e+02
2.530000e-06	3.859506e-09	1.071578e-09	2.121842e+01	3.089842e+02
2.540000e-06	3.908147e-09	1.102936e-09	2.148567e+01	3.179970e+02
2.550000e-06	3.956475e-09	1.132970e-09	2.175124e+01	3.266594e+02
2.560000e-06	4.004556e-09	1.162274e-09	2.201552e+01	3.351083e+02
2.570000e-06	4.052449e-09	1.191118e-09	2.227875e+01	3.434218e+02
2.580000e-06	4.100168e-09	1.219684e-09	2.254102e+01	3.516514e+02
2.590000e-06	4.147676e-09	1.248027e-09	2.280215e+01	3.598106e+02
2.600000e-06	4.194924e-09	1.275870e-09	2.306185e+01	3.678362e+02
2.610000e-06	4.241876e-09	1.303671e-09	2.331988e+01	3.758297e+02
2.620000e-06	4.288493e-09	1.331649e-09	2.357606e+01	3.838386e+02
2.630000e-06	4.334778e-09	1.359004e-09	2.383047e+01	3.916734e+02
2.640000e-06	4.380762e-09	1.385070e-09	2.408322e+01	3.991758e+02
2.650000e-06	4.426459e-09	1.409832e-09	2.433442e+01	4.063299e+02
2.660000e-06	4.471873e-09	1.433961e-09	2.458404e+01	4.133001e+02
2.670000e-06	4.516972e-09	1.458430e-09	2.483191e+01	4.203484e+02
2.680000e-06	4.561756e-09	1.483704e-09	2.507808e+01	4.275834e+02
2.690000e-06	4.606252e-09	1.508751e-09	2.532264e+01	4.347441e+02
2.700000e-06	4.650483e-09	1.532917e-09	2.556577e+01	4.416742e+02
2.710000e-06	4.694488e-09	1.556429e-09	2.580767e+01	4.484278e+02
2.720000e-06	4.738302e-09	1.579342e-09	2.604853e+01	4.550144e+02
2.730000e-06	4.781911e-09	1.601838e-09	2.628825e+01	4.614794e+02
2.740000e-06	4.825247e-09	1.623981e-09	2.652642e+01	4.678427e+02
2.750000e-06	4.868193e-09	1.645504e-09	2.676241e+01	4.740342e+02
2.760000e-06	4.910624e-09	1.666789e-09	2.699559e+01	4.801577e+02
2.770000e-06	4.952447e-09	1.688481e-09	2.722543e+01	4.863735e+02
2.780000e-06	4.993667e-09	1.710329e-09	2.745194e+01	4.926170e+02
2.790000e-06	5.034378e-09	1.731640e-09	2.767567e+01	4.987191e+02
2.800000e-06	5.074685e-09	1.751907e-09	2.789722e+01	5.045449e+02
2.810000e-06	5.114694e-09	1.771211e-09	2.811717e+01	5.101049e+02
2.820000e-06	5.154491e-09	1.790146e-09	2.833596e+01	5.155507e+02
2.830000e-06	5.194068e-09	1.808852e-09	2.855351e+01	5.209323e+02
2.840000e-06	5.233348e-09	1.827177e-09	2.876940e+01	5.262105e+02
2.850000e-06	5.272265e-09	1.845263e-09	2.898327e+01	5.314118e+02
2.860000e-06	5.310794e-09	1.863085e-09	2.919501e+01	5.365216e+02
2.870000e-06	5.348942e-09	1.880591e-09	2.940465e+01	5.415410e+02
2.880000e-06	5.386716e-09	1.897599e-09	2.961224e+01	5.464396e+02
2.890000e-06	5.424108e-09	1.913901e-09	2.981778e+01	5.511465e+02
2.900000e-06	5.461103e-09	1.929651e-09	3.002111e+01	5.556771e+02
2.910000e-06	5.497724e-09	1.944848e-09	3.022233e+01	5.600268e+02
2.920000e-06	5.534013e-09	1.959832e-09	3.042175e+01	5.643077e+02
2.930000e-06	5.570029e-09	1.974778e-09	3.061971e+01	5.685924e+02
2.940000e-06	5.605810e-09	1.989401e-09	3.081638e+01	5.728043e+02
2.950000e-06	5.641314e-09	2.004045e-09	3.101155e+01	5.769984e+02
2.960000e-06	5.676435e-09	2.018538e-09	3.120460e+01	5.811300e+02
2.970000e-06	5.711047e-09	2.032305e-09	3.139481e+01	5.850688e+02
2.980000e-06	5.745042e-09	2.045292e-09	3.158156e+01	5.888019e+02
2.990000e-06	5.778367e-09	2.057733e-09	3.176466e+01	5.923808e+02
3.000000e-06	5.811081e-09	2.070189e-09	3.194443e+01	5.959384e+02
3.010000e-06	5.843349e-09	2.083025e-09	3.212173e+01	5.995751e+02
3.020000e-06	5.875305e-09	2.095950e-09	3.229739e+01	6.032449e+02
3.030000e-06	5.907016e-09	2.108915e-09	3.247170e+01	6.069424e+02
3.040000e-06	5.938435e-09	2.121583e-09	3.264438e+01	6.105652e+02
3.050000e-06	5.969452e-09	2.133149e-09	3.281486e+01	6.138832e+02
3.060000e-06	5.999998e-09	2.143723e-09	3.298277e+01	6.169181e+02
3.070000e-06	6.030087e-09	2.153940e-09	3.314816e+01	6.198607e+02
3.080000e-06	6.059772e-09	2.164238e-09	3.331130e+01	6.228305e+02
3.090000e-06	6.089060e-09	2.174787e-09	3.347226e+01	6.258502e+02
3.100000e-06	6.117941e-09	2.185612e-09	3.363097e+01	6.289202e+02
3.110000e-06	6.146432e-09	2.196687e-09	3.378755e+01	6.320396e+02
3.120000e-06	6.174594e-09	2.207497e-09	3.394232e+01	6.351037e+02
3.130000e-06	6.202493e-09	2.217647e-09	3.409565e+01	6.380203e+02
3.140000e-06	6.230124e-09	2.227171e-09	3.424753e+01	6.407673e+02
3.150000e-06	6.257369e-09	2.236115e-09	3.439726e+01	6.433376e+02
3.160000e-06	6.284037e-09	2.244826e-09	3.454376e+01	6.458331e+02
3.170000e-06	6.309978e-09	2.253716e-09	3.468624e+01	6.483827e+02
3.180000e-06	6.335169e-09	2.262917e-09	3.482461e+01	6.510183e+02
3.190000e-06	6.359726e-09	2.272207e-09	3.495956e+01	6.536733e+02
3.200000e-06	6.383829e-09	2.281296e-09	3.509202e+01	6.562617e+02
3.210000e-06	6.407585e-09	2.289941e-09	3.522254e+01	6.587169e+02
3.220000e-06	6.430959e-09	2.298062e-09	3.535093e+01	6.610378e+02
3.230000e-06	6.453880e-09	2.305848e-09	3.547685e+01	6.632797e+02
3.240000e-06	6.476341e-09	2.313529e-09	3.560026e+01	6.654861e+02
3.250000e-06	6.498381e-09	2.321254e-09	3.572135e+01	6.676941e+02
3.260000e-06	6.520007e-09	2.329113e-09	3.584020e+01	6.699259e+02
3.270000e-06	6.541190e-09	2.336645e-09	3.595663e+01	6.720736e+02
3.280000e-06	6.561914e-09	2.343822e-09	3.607049e+01	6.741525e+02
3.290000e-06	6.582219e-09	2.351133e-09	3.618205e+01	6.762593e+02
3.300000e-06	6.602200e-09	2.358258e-09	3.629188e+01	6.782890e+02
3.310000e-06	6.621898e-09	2.364750e-09	3.640012e+01	6.801481e+02
3.320000e-06	6.641234e-09	2.370783e-09	3.650635e+01	6.818888e+02
3.330000e-06	6.660088e-09	2.377077e-09	3.660988e+01	6.836918e+02
3.340000e-06	6.678402e-09	2.383943e-09	3.671042e+01	6.856345e+02
3.350000e-06	6.696190e-09	2.390428e-09	3.680812e+01	6.874701e+02
3.360000e-06	6.713542e-09	2.396017e-09	3.690340e+01	6.890752e+02
3.370000e-06	6.730522e-09	2.401306e-09	3.699659e+01	6.906204e+02
3.380000e-06	6.747114e-09	2.406719e-09	3.708770e+01	6.922046e+02
3.390000e-06	6.763213e-09	2.412493e-09	3.717612e+01	6.938580e+02
3.400000e-06	6.778699e-09	2.418258e-09	3.726114e+01	6.954762e+02
3.410000e-06	6.793555e-09	2.423140e-09	3.734262e+01	6.968557e+02
3.420000e-06	6.807819e-09	2.427598e-09	3.742085e+01	6.981337e+02
3.430000e-06	6.821567e-09	2.432373e-09	3.749632e+01	6.994941e+02
3.440000e-06	6.834827e-09	2.437022e-09	3.756914e+01	7.008233e+02
3.450000e-06	6.847575e-09	2.441295e-09	3.763916e+01	7.020649e+02
3.460000e-06	6.859831e-09	2.445287e-09	3.770647e+01	7.032377e+02
3.470000e-06	6.871628e-09	2.449338e-09	3.777124e+01	7.044101e+02
3.480000e-06	6.882924e-09	2.453852e-09	3.783326e+01	7.056732e+02
3.490000e-06	6.893570e-09	2.458243e-09	3.789172e+01	7.068878e+02
3.500000e-06	6.903428e-09	2.461768e-09	3.794585e+01	7.078743e+02
3.510000e-06	6.912519e-09	2.464513e-09	3.799576e+01	7.086619e+02
3.520000e-06	6.921017e-09	2.466934e-09	3.804244e+01	7.093838e+02
3.530000e-06	6.929102e-09	2.469688e-09	3.808686e+01	7.102046e+02
3.540000e-06	6.936860e-09	2.473033e-09	3.812947e+01	7.111636e+02
3.550000e-06	6.944255e-09	2.476350e-09	3.817004e+01	7.120882e+02
3.560000e-06	6.951185e-09	2.478686e-09	3.820807e+01	7.127423e+02
3.570000e-06	6.957611e-09	2.480257e-09	3.824337e+01	7.131993e+02
3.580000e-06	6.963542e-09	2.481993e-09	3.827594e+01	7.136915e+02
3.590000e-06	6.968982e-09	2.483842e-09	3.830575e+01	7.142069e+02
3.600000e-06	6.973922e-09	2.485496e-09	3.833284e+01	7.146809e+02
3.610000e-06	6.978392e-09	2.486903e-09	3.835738e+01	7.150981e+02
3.620000e-06	6.982495e-09	2.488394e-09	3.837992e+01	7.155395e+02
3.630000e-06	6.986277e-09	2.490469e-09	3.840073e+01	7.161266e+02
3.640000e-06	6.989669e-09	2.492619e-09	3.841938e+01	7.167211e+02
3.650000e-06	6.992534e-09	2.493979e-09	3.843507e+01	7.170986e+02
3.660000e-06	6.994711e-09	2.494393e-09	3.844699e+01	7.172270e+02
3.670000e-06	6.996123e-09	2.494274e-09	3.845470e+01	7.172195e+02
3.680000e-06	6.996859e-09	2.494358e-09	3.845868e+01	7.172539e+02
3.690000e-06	6.997100e-09	2.495117e-09	3.845997e+01	7.174514e+02
3.700000e-06	6.996992e-09	2.496235e-09	3.845934e+01	7.177377e+02
3.710000e-06	6.996544e-09	2.497078e-09	3.845679e+01	7.179588e+02
3.720000e-06	6.995660e-09	2.497661e-09	3.845186e+01	7.181252e+02
3.730000e-06	6.994285e-09	2.498193e-09	3.844425e+01	7.182756e+02
3.740000e-06	6.992450e-09	2.498309e-09	3.843412e+01	7.183044e+02
3.750000e-06	6.990195e-09	2.497583e-09	3.842171e+01	7.180932e+02
3.760000e-06	6.987508e-09	2.496297e-09	3.840690e+01	7.176698e+02
3.770000e-06	6.984356e-09	2.494793e-09	3.838951e+01	7.171807e+02
3.780000e-06	6.980739e-09	2.495177e-09	3.836958e+01	7.175570e+02
3.790000e-06	6.976570e-09	2.499823e-09	3.834659e+01	7.192060e+02
3.800000e-06	6.971635e-09	2.498612e-09	3.831935e+01	7.184222e+02
3.810000e-06	6.965980e-09	2.486924e-09	3.828814e+01	7.146262e+02
3.820000e-06	6.959984e-09	2.485316e-09	3.825505e+01	7.143109e+02
3.830000e-06	6.953764e-09	2.496674e-09	3.822076e+01	7.179727e+02
3.840000e-06	6.947024e-09	2.495888e-09	3.818367e+01	7.177336e+02
3.850000e-06	6.939590e-09	2.480241e-09	3.814277e+01	7.128535e+02
3.860000e-06	6.931660e-09	2.474310e-09	3.809914e+01	7.113802e+02
3.870000e-06	6.923419e-09	2.482625e-09	3.805383e+01	7.143249e+02
3.880000e-06	6.914727e-09	2.483068e-09	3.800606e+01	7.143160e+02
3.890000e-06	6.905425e-09	2.472352e-09	3.795491e+01	7.105823e+02
3.900000e-06	6.895646e-09	2.469796e-09	3.790111e+01	7.099452e+02
3.910000e-06	6.885536e-09	2.475525e-09	3.784551e+01	7.122786e+02
3.920000e-06	6.874992e-09	2.472645e-09	3.778752e+01	7.114798e+02
3.930000e-06	6.863851e-09	2.469566e-09	3.772621e+01	7.098688e+02
3.940000e-06	6.852172e-09	2.482114e-09	3.766195e+01	7.130845e+02
3.950000e-06	6.840000e-09	2.487911e-09	3.759498e+01	7.151565e+02
3.960000e-06	6.827174e-09	2.467546e-09	3.752440e+01	7.098564e+02
3.970000e-06	6.813620e-09	2.455000e-09	3.744979e+01	7.063274e+02
3.980000e-06	6.799403e-09	2.477500e-09	3.737153e+01	7.122972e+02
3.990000e-06	6.784530e-09	2.497128e-09	3.728970e+01	7.172673e+02
4.000000e-06	6.769050e-09	2.481975e-09	3.720458e+01	7.129474e+02
4.010000e-06	6.753128e-09	2.462934e-09	3.711705e+01	7.082564e+02
4.020000e-06	6.736859e-09	2.459686e-09	3.702759e+01	7.079150e+02
4.030000e-06	6.720167e-09	2.451705e-09	3.693582e+01	7.057069e+02
4.040000e-06	6.702993e-09	2.447501e-09	3.684136e+01	7.042117e+02
4.050000e-06	6.685373e-09	2.468477e-09	3.674442e+01	7.095994e+02
4.060000e-06	6.667326e-09	2.483279e-09	3.664517e+01	7.132815e+02
4.070000e-06	6.648830e-09	2.463037e-09	3.654347e+01	7.077815e+02
4.080000e-06	6.629882e-09	2.440880e-09	3.643927e+01	7.023139e+02
4.090000e-06	6.610480e-09	2.438751e-09	3.633257e+01	7.020787e+02
4.100000e-06	6.590682e-09	2.432699e-09	3.622371e+01	7.003007e+02
4.110000e-06	6.570582e-09	2.427959e-09	3.611320e+01	6.989199e+02
4.120000e-06	6.550160e-09	2.448217e-09	3.600092e+01	7.041508e+02
4.130000e-06	6.529266e-09	2.465038e-09	3.588603e+01	7.081914e+02
4.140000e-06	6.507717e-09	2.455246e-09	3.576755e+01	7.054920e+02
4.150000e-06	6.485407e-09	2.450610e-09	3.564484e+01	7.044510e+02
4.160000e-06	6.462377e-09	2.456359e-09	3.551817e+01	7.058355e+02
4.170000e-06	6.438805e-09	2.443619e-09	3.538857e+01	7.024425e+02
4.180000e-06	6.414866e-09	2.429534e-09	3.525696e+01	6.989193e+02
4.190000e-06	6.390602e-09	2.435720e-09	3.512357e+01	7.002829e+02
4.200000e-06	6.365977e-09	2.434919e-09	3.498823e+01	6.999127e+02
4.210000e-06	6.340944e-09	2.421041e-09	3.485059e+01	6.965423e+02
4.220000e-06	6.315451e-09	2.419535e-09	3.471041e+01	6.959525e+02
4.230000e-06	6.289494e-09	2.421516e-09	3.456775e+01	6.960741e+02
4.240000e-06	6.263070e-09	2.410445e-09	3.442246e+01	6.933428e+02
4.250000e-06	6.236164e-09	2.402402e-09	3.427450e+01	6.911716e+02
4.260000e-06	6.208798e-09	2.403617e-09	3.412407e+01	6.910094e+02
4.270000e-06	6.181071e-09	2.399608e-09	3.397167e+01	6.900274e+02
4.280000e-06	6.153080e-09	2.391387e-09	3.381784e+01	6.880207e+02
4.290000e-06	6.124817e-09	2.387877e-09	3.366255e+01	6.866422e+02
4.300000e-06	6.096190e-09	2.384793e-09	3.350520e+01	6.856677e+02
4.310000e-06	6.067047e-09	2.377727e-09	3.334494e+01	6.840150e+02
4.320000e-06	6.037237e-09	2.371552e-09	3.318099e+01	6.821011e+02
4.330000e-06	6.006737e-09	2.368756e-09	3.301326e+01	6.810311e+02
4.340000e-06	5.975628e-09	2.364597e-09	3.284220e+01	6.800548e+02
4.350000e-06	5.944028e-09	2.357783e-09	3.266846e+01	6.781685e+02
4.360000e-06	5.912061e-09	2.352784e-09	3.249274e+01	6.765118e+02
4.370000e-06	5.879767e-09	2.348842e-09	3.231523e+01	6.754243e+02
4.380000e-06	5.847106e-09	2.341670e-09	3.213570e+01	6.735002e+02
4.390000e-06	5.814029e-09	2.334288e-09	3.195391e+01	6.712639e+02
4.400000e-06	5.780541e-09	2.329803e-09	3.176988e+01	6.699155e+02
4.410000e-06	5.746693e-09	2.324710e-09	3.158385e+01	6.685781e+02
4.420000e-06	5.712511e-09	2.318461e-09	3.139592e+01	6.667958e+02
4.430000e-06	5.677969e-09	2.313305e-09	3.120600e+01	6.652316e+02
4.440000e-06	5.643020e-09	2.307220e-09	3.101385e+01	6.635148e+02
4.450000e-06	5.607666e-09	2.299606e-09	3.081951e+01	6.613746e+02
4.460000e-06	5.571971e-09	2.293137e-09	3.062332e+01	6.594492e+02
4.470000e-06	5.536004e-09	2.287221e-09	3.042561e+01	6.577294e+02
4.480000e-06	5.499779e-09	2.280492e-09	3.022648e+01	6.558650e+02
4.490000e-06	5.463240e-09	2.273767e-09	3.002558e+01	6.539502e+02
4.500000e-06	5.426260e-09	2.267026e-09	2.982225e+01	6.519962e+02
4.510000e-06	5.388707e-09	2.260443e-09	2.961571e+01	6.501300e+02
4.520000e-06	5.350514e-09	2.254358e-09	2.940561e+01	6.483828e+02
4.530000e-06	5.311697e-09	2.247291e-09	2.919209e+01	6.463370e+02
4.540000e-06	5.272368e-09	2.239599e-09	2.897582e+01	6.441309e+02
4.550000e-06	5.232670e-09	2.232789e-09	2.875759e+01	6.421792e+02
4.560000e-06	5.192694e-09	2.225904e-09	2.853783e+01	6.402002e+02
4.570000e-06	5.152471e-09	2.218320e-09	2.831669e+01	6.380292e+02
4.580000e-06	5.112001e-09	2.210696e-09	2.809425e+01	6.358703e+02
4.590000e-06	5.071224e-09	2.202810e-09	2.787009e+01	6.336555e+02
4.600000e-06	5.030077e-09	2.194710e-09	2.764386e+01	6.313462e+02
4.610000e-06	4.988565e-09	2.187317e-09	2.741563e+01	6.292010e+02
4.620000e-06	4.946710e-09	2.180613e-09	2.718549e+01	6.272446e+02
4.630000e-06	4.904505e-09	2.173333e-09	2.695343e+01	6.251289e+02
4.640000e-06	4.861946e-09	2.165130e-09	2.671943e+01	6.227591e+02
4.650000e-06	4.819028e-09	2.156455e-09	2.648340e+01	6.202719e+02
4.660000e-06	4.775750e-09	2.147384e-09	2.624537e+01	6.176923e+02
4.670000e-06	4.732160e-09	2.138171e-09	2.600569e+01	6.150883e+02
4.680000e-06	4.688320e-09	2.129453e-09	2.576474e+01	6.126217e+02
4.690000e-06	4.644288e-09	2.121174e-09	2.552275e+01	6.102551e+02
4.700000e-06	4.600069e-09	2.112781e-09	2.527971e+01	6.078358e+02
4.710000e-06	4.555611e-09	2.104569e-09	2.503535e+01	6.054385e+02
4.720000e-06	4.510859e-09	2.096546e-09	2.478934e+01	6.030868e+02
4.730000e-06	4.465774e-09	2.087701e-09	2.454143e+01	6.005380e+02
4.740000e-06	4.420327e-09	2.077929e-09	2.429153e+01	5.977755e+02
4.750000e-06	4.374509e-09	2.067928e-09	2.403960e+01	5.949623e+02
4.760000e-06	4.328346e-09	2.058231e-09	2.378580e+01	5.922216e+02
4.770000e-06	4.281902e-09	2.049570e-09	2.353048e+01	5.897342e+02
4.780000e-06	4.235222e-09	2.041904e-09	2.327384e+01	5.874895e+02
4.790000e-06	4.188317e-09	2.033907e-09	2.301599e+01	5.851482e+02
4.800000e-06	4.141185e-09	2.024710e-09	2.275686e+01	5.824868e+02
4.810000e-06	4.093800e-09	2.014906e-09	2.249630e+01	5.796688e+02
4.820000e-06	4.046092e-09	2.005153e-09	2.223397e+01	5.768854e+02
4.830000e-06	3.998018e-09	1.995307e-09	2.196957e+01	5.740890e+02
4.840000e-06	3.949576e-09	1.985015e-09	2.170313e+01	5.711640e+02
4.850000e-06	3.900738e-09	1.974375e-09	2.143459e+01	5.681273e+02
4.860000e-06	3.851541e-09	1.963922e-09	2.116409e+01	5.651261e+02
4.870000e-06	3.802021e-09	1.954167e-09	2.089181e+01	5.623052e+02
4.880000e-06	3.752188e-09	1.944820e-09	2.061785e+01	5.595925e+02
4.890000e-06	3.702072e-09	1.935040e-09	2.034233e+01	5.567715e+02
4.900000e-06	3.651668e-09	1.924330e-09	2.006521e+01	5.537232e+02
4.910000e-06	3.600951e-09	1.913218e-09	1.978640e+01	5.505783e+02
4.920000e-06	3.549935e-09	1.902621e-09	1.950594e+01	5.475531e+02
4.930000e-06	3.498645e-09	1.892569e-09	1.922396e+01	5.446546e+02
4.940000e-06	3.447096e-09	1.882454e-09	1.894057e+01	5.417259e+02
4.950000e-06	3.395322e-09	1.871768e-09	1.865596e+01	5.386452e+02
4.960000e-06	3.343329e-09	1.860618e-09	1.837015e+01	5.354605e+02
4.970000e-06	3.291124e-09	1.849370e-09	1.808316e+01	5.322638e+02
4.980000e-06	3.238707e-09	1.838122e-09	1.779499e+01	5.290558e+02
4.990000e-06	3.186040e-09	1.826661e-09	1.750545e+01	5.257704e+02
5.000000e-06	3.133096e-09	1.814866e-09	1.721439e+01	5.223837e+02
5.010000e-06	3.079849e-09	1.803064e-09	1.692163e+01	5.189956e+02
5.020000e-06	3.026257e-09	1.791699e-09	1.662699e+01	5.157281e+02
5.030000e-06	2.972293e-09	1.780652e-09	1.633026e+01	5.125477e+02
5.040000e-06	2.917956e-09	1.769568e-09	1.603144e+01	5.093579e+02
5.050000e-06	2.863253e-09	1.757873e-09	1.573062e+01	5.060115e+02
5.060000e-06	2.808218e-09	1.745518e-09	1.542802e+01	5.024876e+02
5.070000e-06	2.752923e-09	1.733394e-09	1.512404e+01	4.990153e+02
5.080000e-06	2.697424e-09	1.721746e-09	1.481891e+01	4.956455e+02
5.090000e-06	2.641748e-09	1.709832e-09	1.451284e+01	4.921859e+02
5.100000e-06	2.585926e-09	1.697118e-09	1.420600e+01	4.885219e+02
5.110000e-06	2.529983e-09	1.683739e-09	1.389851e+01	4.847059e+02
5.120000e-06	2.473937e-09	1.670415e-09	1.359044e+01	4.809199e+02
5.130000e-06	2.417791e-09	1.657697e-09	1.328183e+01	4.772734e+02
5.140000e-06	2.361537e-09	1.645162e-09	1.297263e+01	4.736495e+02
5.150000e-06	2.305169e-09	1.631968e-09	1.266283e+01	4.698523e+02
5.160000e-06	2.248673e-09	1.618052e-09	1.235230e+01	4.658663e+02
5.170000e-06	2.192028e-09	1.603895e-09	1.204093e+01	4.618178e+02
5.180000e-06	2.135220e-09	1.590010e-09	1.172866e+01	4.578269e+02
5.190000e-06	2.078240e-09	1.576458e-09	1.141547e+01	4.539082e+02
5.200000e-06	2.021105e-09	1.562578e-09	1.110140e+01	4.499110e+02
5.210000e-06	1.963836e-09	1.548141e-09	1.078660e+01	4.457674e+02
5.220000e-06	1.906448e-09	1.533508e-09	1.047117e+01	4.415775e+02
5.230000e-06	1.848941e-09	1.519108e-09	1.015505e+01	4.374392e+02
5.240000e-06	1.791320e-09	1.504624e-09	9.838285e+00	4.332452e+02
5.250000e-06	1.733579e-09	1.489511e-09	9.520860e+00	4.288798e+02
5.260000e-06	1.675694e-09	1.473870e-09	9.202671e+00	4.244021e+02
5.270000e-06	1.617683e-09	1.458214e-09	8.883838e+00	4.199380e+02
5.280000e-06	1.559577e-09	1.442939e-09	8.564482e+00	4.155666e+02
5.290000e-06	1.501369e-09	1.427643e-09	8.244535e+00	4.111684e+02
5.300000e-06	1.443052e-09	1.411651e-09	7.923951e+00	4.065608e+02
5.310000e-06	1.384620e-09	1.394704e-09	7.602730e+00	4.017035e+02
5.320000e-06	1.326077e-09	1.377512e-09	7.280897e+00	3.967932e+02
5.330000e-06	1.267440e-09	1.361100e-09	6.958556e+00	3.920722e+02
5.340000e-06	1.208699e-09	1.345268e-09	6.635648e+00	3.874937e+02
5.350000e-06	1.149859e-09	1.329315e-09	6.312211e+00	3.828846e+02
5.360000e-06	1.090931e-09	1.312696e-09	5.988293e+00	3.781093e+02
5.370000e-06	1.031933e-09	1.295309e-09	5.663951e+00	3.731477e+02
5.380000e-06	9.728684e-10	1.277695e-09	5.339267e+00	3.681183e+02
5.390000e-06	9.137347e-10	1.259918e-09	5.014187e+00	3.630142e+02
5.400000e-06	8.545392e-10	1.241725e-09	4.688744e+00	3.577795e+02
5.410000e-06	7.952896e-10	1.223207e-09	4.363040e+00	3.524698e+02
5.420000e-06	7.359868e-10	1.204727e-09	4.037066e+00	3.471927e+02
5.430000e-06	6.766241e-10	1.186915e-09	3.710782e+00	3.420860e+02
5.440000e-06	6.172164e-10	1.169661e-09	3.384263e+00	3.370962e+02
5.450000e-06	5.577677e-10	1.151767e-09	3.057500e+00	3.319232e+02
5.460000e-06	4.982840e-10	1.132556e-09	2.730492e+00	3.264189e+02
5.470000e-06	4.387721e-10	1.112544e-09	2.403379e+00	3.207167e+02
5.480000e-06	3.792249e-10	1.092643e-09	2.076121e+00	3.150354e+02
5.490000e-06	3.196449e-10	1.073550e-09	1.748628e+00	3.095472e+02
5.500000e-06	2.600520e-10	1.054808e-09	1.421054e+00	3.041368e+02
5.510000e-06	2.004584e-10	1.035529e-09	1.093472e+00	2.985916e+02
5.520000e-06	1.408747e-10	1.015784e-09	7.659436e-01	2.929246e+02
5.530000e-06	8.129193e-11	9.959382e-10	4.384047e-01	2.872183e+02
5.540000e-06	2.170176e-11	9.761840e-10	1.108081e-01	2.815239e+02
5.550000e-06	-3.788998e-11	9.559812e-10	-2.167918e-01	2.757019e+02
5.560000e-06	-9.748419e-11	9.348207e-10	-5.444104e-01	2.696357e+02
5.570000e-06	-1.570678e-10	9.134278e-10	-8.719768e-01	2.635215e+02
5.580000e-06	-2.166427e-10	8.927218e-10	-1.199487e+00	2.575778e+02
5.590000e-06	-2.762064e-10	8.726358e-10	-1.526907e+00	2.517628e+02
5.600000e-06	-3.357522e-10	8.521883e-10	-1.854224e+00	2.458295e+02
5.610000e-06	-3.952750e-10	8.306072e-10	-2.181447e+00	2.396140e+02
5.620000e-06	-4.547709e-10	8.082497e-10	-2.508491e+00	2.332100e+02
5.630000e-06	-5.142445e-10	7.859571e-10	-2.835388e+00	2.268101e+02
5.640000e-06	-5.736887e-10	7.641334e-10	-3.162164e+00	2.205103e+02
5.650000e-06	-6.330786e-10	7.423009e-10	-3.488629e+00	2.141867e+02
5.660000e-06	-6.924089e-10	7.195195e-10	-3.814753e+00	2.076109e+02
5.670000e-06	-7.516748e-10	6.959558e-10	-4.140536e+00	2.008436e+02
5.680000e-06	-8.108725e-10	6.721239e-10	-4.465935e+00	1.940016e+02
5.690000e-06	-8.700025e-10	6.481912e-10	-4.790937e+00	1.871084e+02
5.700000e-06	-9.290634e-10	6.241249e-10	-5.115572e+00	1.801680e+02
5.710000e-06	-9.880664e-10	5.997047e-10	-5.439922e+00	1.731423e+02
5.720000e-06	-1.047003e-09	5.750591e-10	-5.763886e+00	1.660492e+02
5.730000e-06	-1.105859e-09	5.502903e-10	-6.087392e+00	1.588924e+02
5.740000e-06	-1.164633e-09	5.252866e-10	-6.410448e+00	1.516379e+02
5.750000e-06	-1.223310e-09	4.996164e-10	-6.732946e+00	1.441969e+02
5.760000e-06	-1.281889e-09	4.727769e-10	-7.054887e+00	1.364712e+02
5.770000e-06	-1.340381e-09	4.452138e-10	-7.376377e+00	1.285689e+02
5.780000e-06	-1.398770e-09	4.179192e-10	-7.697292e+00	1.207144e+02
5.790000e-06	-1.457047e-09	3.909089e-10	-8.017564e+00	1.128927e+02
5.800000e-06	-1.515220e-09	3.634528e-10	-8.337291e+00	1.049295e+02
5.810000e-06	-1.573283e-09	3.350408e-10	-8.656420e+00	9.672094e+01
5.820000e-06	-1.631227e-09	3.057554e-10	-8.974900e+00	8.829738e+01
5.830000e-06	-1.689049e-09	2.760028e-10	-9.292688e+00	7.974160e+01
5.840000e-06	-1.746748e-09	2.460998e-10	-9.609827e+00	7.111621e+01
5.850000e-06	-1.804328e-09	2.161051e-10	-9.926333e+00	6.243764e+01
5.860000e-06	-1.861772e-09	1.855267e-10	-1.024205e+01	5.358298e+01
5.870000e-06	-1.919065e-09	1.541360e-10	-1.055696e+01	4.450877e+01
5.880000e-06	-1.976197e-09	1.224066e-10	-1.087104e+01	3.534998e+01
5.890000e-06	-2.033177e-09	9.068251e-11	-1.118428e+01	2.619048e+01
5.900000e-06	-2.090023e-09	5.895716e-11	-1.149673e+01	1.701842e+01
5.910000e-06	-2.146722e-09	2.675507e-11	-1.180833e+01	7.714818e+00
5.920000e-06	-2.203275e-09	-6.449476e-12	-1.211911e+01	-1.845270e+00
5.930000e-06	-2.259696e-09	-4.043186e-11	-1.242917e+01	-1.162853e+01
5.940000e-06	-2.315995e-09	-7.450275e-11	-1.273861e+01	-2.147564e+01
5.950000e-06	-2.372185e-09	-1.085300e-10	-1.304743e+01	-3.132401e+01
5.960000e-06	-2.428266e-09	-1.428458e-10	-1.335565e+01	-4.123680e+01
5.970000e-06	-2.484247e-09	-1.774339e-10	-1.366334e+01	-5.120593e+01
5.980000e-06	-2.540124e-09	-2.119743e-10	-1.397044e+01	-6.115036e+01
5.990000e-06	-2.595879e-09	-2.461283e-10	-1.427689e+01	-7.100310e+01
6.000000e-06	-2.651489e-09	-2.803204e-10	-1.458256e+01	-8.088801e+01
6.010000e-06	-2.706923e-09	-3.153758e-10	-1.488727e+01	-9.099295e+01
6.020000e-06	-2.762119e-09	-3.509599e-10	-1.519074e+01	-1.012285e+02
6.030000e-06	-2.817022e-09	-3.866862e-10	-1.549257e+01	-1.115148e+02
6.040000e-06	-2.871605e-09	-4.222667e-10	-1.579261e+01	-1.217774e+02
6.050000e-06	-2.925850e-09	-4.575872e-10	-1.609078e+01	-1.319717e+02
6.060000e-06	-2.979742e-09	-4.928621e-10	-1.638699e+01	-1.421401e+02
6.070000e-06	-3.033276e-09	-5.283783e-10	-1.668119e+01	-1.523542e+02
6.080000e-06	-3.086469e-09	-5.638641e-10	-1.697350e+01	-1.625526e+02
6.090000e-06	-3.139356e-09	-5.983296e-10	-1.726417e+01	-1.725172e+02
6.100000e-06	-3.191975e-09	-6.322035e-10	-1.755340e+01	-1.823519e+02
6.110000e-06	-3.244346e-09	-6.666423e-10	-1.784124e+01	-1.923117e+02
6.120000e-06	-3.296494e-09	-7.022686e-10	-1.812781e+01	-2.025471e+02
6.130000e-06	-3.348435e-09	-7.387219e-10	-1.841326e+01	-2.129706e+02
6.140000e-06	-3.400168e-09	-7.744795e-10	-1.869758e+01	-2.232099e+02
6.150000e-06	-3.451684e-09	-8.085841e-10	-1.898072e+01	-2.330345e+02
6.160000e-06	-3.502945e-09	-8.416049e-10	-1.926246e+01	-2.425795e+02
6.170000e-06	-3.553906e-09	-8.740931e-10	-1.954253e+01	-2.519827e+02
6.180000e-06	-3.604565e-09	-9.060236e-10	-1.982094e+01	-2.612515e+02
6.190000e-06	-3.654934e-09	-9.381997e-10	-2.009778e+01	-2.705813e+02
6.200000e-06	-3.704997e-09	-9.714607e-10	-2.037298e+01	-2.801504e+02
6.210000e-06	-3.754741e-09	-1.005097e-09	-2.064643e+01	-2.897777e+02
6.220000e-06	-3.804132e-09	-1.038425e-09	-2.091793e+01	-2.993106e+02
6.230000e-06	-3.853121e-09	-1.071025e-09	-2.118723e+01	-3.086578e+02
6.240000e-06	-3.901683e-09	-1.102157e-09	-2.145418e+01	-3.176382e+02
6.250000e-06	-3.949810e-09	-1.131645e-09	-2.171880e+01	-3.261989e+02
6.260000e-06	-3.997545e-09	-1.160558e-09	-2.198121e+01	-3.345921e+02
6.270000e-06	-4.044923e-09	-1.190071e-09	-2.224158e+01	-3.431053e+02
6.280000e-06	-4.091988e-09	-1.220165e-09	-2.250024e+01	-3.517537e+02
6.290000e-06	-4.138813e-09	-1.250243e-09	-2.275754e+01	-3.603868e+02
6.300000e-06	-4.185423e-09	-1.279508e-09	-2.301365e+01	-3.687814e+02
6.310000e-06	-4.231836e-09	-1.307427e-09	-2.326870e+01	-3.768064e+02
6.320000e-06	-4.278052e-09	-1.334396e-09	-2.352269e+01	-3.845746e+02
6.330000e-06	-4.324034e-09	-1.361039e-09	-2.377544e+01	-3.922431e+02
6.340000e-06	-4.369753e-09	-1.387329e-09	-2.402676e+01	-3.998005e+02
6.350000e-06	-4.415162e-09	-1.412817e-09	-2.427637e+01	-4.071388e+02
6.360000e-06	-4.460239e-09	-1.437528e-09	-2.452412e+01	-4.142671e+02
6.370000e-06	-4.504999e-09	-1.462142e-09	-2.477010e+01	-4.213454e+02
6.380000e-06	-4.549478e-09	-1.486778e-09	-2.501451e+01	-4.284103e+02
6.390000e-06	-4.593720e-09	-1.510894e-09	-2.525759e+01	-4.353348e+02
6.400000e-06	-4.637777e-09	-1.534222e-09	-2.549967e+01	-4.420376e+02
6.410000e-06	-4.681659e-09	-1.556496e-09	-2.574077e+01	-4.484488e+02
6.420000e-06	-4.725304e-09	-1.578425e-09	-2.598062e+01	-4.547601e+02
6.430000e-06	-4.768656e-09	-1.600847e-09	-2.621888e+01	-4.611862e+02
6.440000e-06	-4.811667e-09	-1.623094e-09	-2.645524e+01	-4.675544e+02
6.450000e-06	-4.854328e-09	-1.644453e-09	-2.668968e+01	-4.736889e+02
6.460000e-06	-4.896667e-09	-1.664899e-09	-2.692234e+01	-4.795922e+02
6.470000e-06	-4.938684e-09	-1.684990e-09	-2.715323e+01	-4.853927e+02
6.480000e-06	-4.980352e-09	-1.705293e-09	-2.738222e+01	-4.912283e+02
6.490000e-06	-5.021649e-09	-1.725470e-09	-2.760920e+01	-4.970125e+02
6.500000e-06	-5.062580e-09	-1.744997e-09	-2.783416e+01	-5.026071e+02
6.510000e-06	-5.103175e-09	-1.764026e-09	-2.805725e+01	-5.080696e+02
6.520000e-06	-5.143482e-09	-1.783073e-09	-2.827874e+01	-5.135367e+02
6.530000e-06	-5.183558e-09	-1.802283e-09	-2.849896e+01	-5.190439e+02
6.540000e-06	-5.223407e-09	-1.821333e-09	-2.871798e+01	-5.245090e+02
6.550000e-06	-5.262978e-09	-1.839532e-09	-2.893550e+01	-5.297469e+02
6.560000e-06	-5.302173e-09	-1.856373e-09	-2.915098e+01	-5.346321e+02
6.570000e-06	-5.340875e-09	-1.872765e-09	-2.936374e+01	-5.393870e+02
6.580000e-06	-5.378998e-09	-1.889669e-09	-2.957331e+01	-5.442339e+02
6.590000e-06	-5.416510e-09	-1.906949e-09	-2.977949e+01	-5.491482e+02
6.600000e-06	-5.453457e-09	-1.923829e-09	-2.998252e+01	-5.539643e+02
6.610000e-06	-5.489963e-09	-1.939954e-09	-3.018312e+01	-5.585941e+02
6.620000e-06	-5.526156e-09	-1.955793e-09	-3.038198e+01	-5.631556e+02
6.630000e-06	-5.562085e-09	-1.971603e-09	-3.057941e+01	-5.677075e+02
6.640000e-06	-5.597731e-09	-1.987224e-09	-3.077527e+01	-5.721862e+02
6.650000e-06	-5.633030e-09	-2.002069e-09	-3.096921e+01	-5.764374e+02
6.660000e-06	-5.667913e-09	-2.015886e-09	-3.116092e+01	-5.804074e+02
6.670000e-06	-5.702379e-09	-2.029358e-09	-3.135032e+01	-5.842693e+02
6.680000e-06	-5.736464e-09	-2.043059e-09	-3.153762e+01	-5.881757e+02
6.690000e-06	-5.770157e-09	-2.056910e-09	-3.172275e+01	-5.921201e+02
6.700000e-06	-5.803434e-09	-2.070473e-09	-3.190553e+01	-5.959987e+02
6.710000e-06	-5.836289e-09	-2.083216e-09	-3.208599e+01	-5.996735e+02
6.720000e-06	-5.868752e-09	-2.095360e-09	-3.226434e+01	-6.031806e+02
6.730000e-06	-5.900901e-09	-2.107142e-09	-3.244097e+01	-6.065716e+02
6.740000e-06	-5.932759e-09	-2.118601e-09	-3.261600e+01	-6.098505e+02
6.750000e-06	-5.964221e-09	-2.129887e-09	-3.278885e+01	-6.130656e+02
6.760000e-06	-5.995148e-09	-2.140712e-09	-3.295881e+01	-6.161656e+02
6.770000e-06	-6.025442e-09	-2.151240e-09	-3.312531e+01	-6.191971e+02
6.780000e-06	-6.055068e-09	-2.161982e-09	-3.328811e+01	-6.222775e+02
6.790000e-06	-6.084071e-09	-2.172777e-09	-3.344740e+01	-6.253539e+02
6.800000e-06	-6.112596e-09	-2.183290e-09	-3.360405e+01	-6.283502e+02
6.810000e-06	-6.140808e-09	-2.193052e-09	-3.375900e+01	-6.311556e+02
6.820000e-06	-6.168761e-09	-2.201949e-09	-3.391256e+01	-6.337394e+02
6.830000e-06	-6.196405e-09	-2.210810e-09	-3.406446e+01	-6.363049e+02
6.840000e-06	-6.223650e-09	-2.219837e-09	-3.421416e+01	-6.388955e+02
6.850000e-06	-6.250427e-09	-2.228665e-09	-3.436125e+01	-6.414284e+02
6.860000e-06	-6.276737e-09	-2.237234e-09	-3.450573e+01	-6.438975e+02
6.870000e-06	-6.302599e-09	-2.245572e-09	-3.464776e+01	-6.462970e+02
6.880000e-06	-6.327992e-09	-2.253846e-09	-3.478721e+01	-6.486644e+02
6.890000e-06	-6.352914e-09	-2.262176e-09	-3.492406e+01	-6.510470e+02
6.900000e-06	-6.377425e-09	-2.270246e-09	-3.505867e+01	-6.533720e+02
6.910000e-06	-6.401633e-09	-2.277717e-09	-3.519161e+01	-6.555474e+02
6.920000e-06	-6.425580e-09	-2.285027e-09	-3.532314e+01	-6.576751e+02
6.930000e-06	-6.449163e-09	-2.292601e-09	-3.545271e+01	-6.598575e+02
6.940000e-06	-6.472213e-09	-2.300235e-09	-3.557934e+01	-6.620345e+02
6.950000e-06	-6.494597e-09	-2.307708e-09	-3.570229e+01	-6.641550e+02
6.960000e-06	-6.516268e-09	-2.314680e-09	-3.582133e+01	-6.661466e+02
6.970000e-06	-6.537286e-09	-2.321168e-09	-3.593674e+01	-6.680140e+02
6.980000e-06	-6.557807e-09	-2.327826e-09	-3.604940e+01	-6.699272e+02
6.990000e-06	-6.577981e-09	-2.334860e-09	-3.616016e+01	-6.719361e+02
7.000000e-06	-6.597848e-09	-2.341940e-09	-3.626930e+01	-6.739510e+02
7.010000e-06	-6.617338e-09	-2.348726e-09	-3.637640e+01	-6.758855e+02
7.020000e-06	-6.636359e-09	-2.354584e-09	-3.648090e+01	-6.775806e+02
7.030000e-06	-6.654909e-09	-2.359860e-09	-3.658277e+01	-6.791173e+02
7.040000e-06	-6.673052e-09	-2.365421e-09	-3.668236e+01	-6.807109e+02
7.050000e-06	-6.690774e-09	-2.371026e-09	-3.677965e+01	-6.823126e+02
7.060000e-06	-6.708014e-09	-2.376384e-09	-3.687427e+01	-6.838635e+02
7.070000e-06	-6.724782e-09	-2.381860e-09	-3.696630e+01	-6.854449e+02
7.080000e-06	-6.741167e-09	-2.387524e-09	-3.705624e+01	-6.870450e+02
7.090000e-06	-6.757246e-09	-2.393016e-09	-3.714452e+01	-6.885813e+02
7.100000e-06	-6.772970e-09	-2.397966e-09	-3.723088e+01	-6.899862e+02
7.110000e-06	-6.788144e-09	-2.402043e-09	-3.731421e+01	-6.911801e+02
7.120000e-06	-6.802550e-09	-2.405789e-09	-3.739326e+01	-6.922954e+02
7.130000e-06	-6.816140e-09	-2.410045e-09	-3.746783e+01	-6.935303e+02
7.140000e-06	-6.829033e-09	-2.414682e-09	-3.753861e+01	-6.948399e+02
7.150000e-06	-6.841404e-09	-2.419168e-09	-3.760656e+01	-6.961008e+02
7.160000e-06	-6.853340e-09	-2.423292e-09	-3.767211e+01	-6.972725e+02
7.170000e-06	-6.864781e-09	-2.427113e-09	-3.773487e+01	-6.983658e+02
7.180000e-06	-6.875691e-09	-2.430624e-09	-3.779470e+01	-6.993757e+02
7.190000e-06	-6.886132e-09	-2.433857e-09	-3.785196e+01	-7.003078e+02
7.200000e-06	-6.896143e-09	-2.437051e-09	-3.790684e+01	-7.012266e+02
7.210000e-06	-6.905688e-09	-2.440520e-09	-3.795921e+01	-7.022224e+02
7.220000e-06	-6.914737e-09	-2.444285e-09	-3.800886e+01	-7.032939e+02
7.230000e-06	-6.923332e-09	-2.448066e-09	-3.805602e+01	-7.043490e+02
7.240000e-06	-6.931580e-09	-2.451486e-09	-3.810127e+01	-7.052888e+02
7.250000e-06	-6.939533e-09	-2.453819e-09	-3.814490e+01	-7.059573e+02
7.260000e-06	-6.947074e-09	-2.455276e-09	-3.818629e+01	-7.064234e+02
7.270000e-06	-6.954039e-09	-2.457091e-09	-3.822447e+01	-7.069808e+02
7.280000e-06	-6.960280e-09	-2.459815e-09	-3.825867e+01	-7.077465e+02
7.290000e-06	-6.965746e-09	-2.462777e-09	-3.828862e+01	-7.085471e+02
7.300000e-06	-6.970559e-09	-2.465296e-09	-3.831493e+01	-7.092296e+02
7.310000e-06	-6.974917e-09	-2.467262e-09	-3.833873e+01	-7.097897e+02
7.320000e-06	-6.978954e-09	-2.468687e-09	-3.836083e+01	-7.102267e+02
7.330000e-06	-6.982648e-09	-2.469941e-09	-3.838107e+01	-7.106079e+02
7.340000e-06	-6.985890e-09	-2.471031e-09	-3.839882e+01	-7.109271e+02
7.350000e-06	-6.988638e-09	-2.471696e-09	-3.841380e+01	-7.111258e+02
7.360000e-06	-6.990943e-09	-2.472590e-09	-3.842634e+01	-7.113841e+02
7.370000e-06	-6.992858e-09	-2.474225e-09	-3.843675e+01	-7.118370e+02
7.380000e-06	-6.994214e-09	-2.476115e-09	-3.844409e+01	-7.123430e+02
7.390000e-06	-6.995019e-09	-2.477401e-09	-3.844838e+01	-7.126820e+02
