# Temperatura_=_21.793548387096767
# Concentracion g/m^3_=_10000.0
# C_Vs_to_Am_M_A/Vsm_=_254322799225.57578
# pendiente_HvsI_1/m_=_3716.3
# ordenada_HvsI_A/m_=_1297.0
# frecuencia_Hz_=_135148.73321322975
# Promedio de 31 ciclos

Tiempo_(s)	Campo_(V.s)	Magnetizacion_(V.s)	Campo_(kA/m)	Magnetizacion_(A/m)
0.000000e+00	-6.991371e-09	-3.029515e-09	-3.845549e+01	-8.695605e+02
1.000000e-08	-6.991576e-09	-3.030247e-09	-3.845665e+01	-8.697704e+02
2.000000e-08	-6.991453e-09	-3.030088e-09	-3.845601e+01	-8.697546e+02
3.000000e-08	-6.990846e-09	-3.029693e-09	-3.845271e+01	-8.696801e+02
4.000000e-08	-6.989582e-09	-3.029873e-09	-3.844576e+01	-8.697456e+02
5.000000e-08	-6.987556e-09	-3.031005e-09	-3.843458e+01	-8.700292e+02
6.000000e-08	-6.984808e-09	-3.032886e-09	-3.841945e+01	-8.705008e+02
7.000000e-08	-6.981507e-09	-3.034351e-09	-3.840131e+01	-8.709044e+02
8.000000e-08	-6.977778e-09	-3.027214e-09	-3.838086e+01	-8.691299e+02
9.000000e-08	-6.973509e-09	-3.012463e-09	-3.835744e+01	-8.650865e+02
1.000000e-07	-6.968525e-09	-3.025486e-09	-3.833004e+01	-8.679076e+02
1.100000e-07	-6.962949e-09	-3.061953e-09	-3.829933e+01	-8.777814e+02
1.200000e-07	-6.957119e-09	-3.042853e-09	-3.826727e+01	-8.739575e+02
1.300000e-07	-6.951123e-09	-2.986834e-09	-3.823433e+01	-8.587234e+02
1.400000e-07	-6.944638e-09	-3.010715e-09	-3.819867e+01	-8.633353e+02
1.500000e-07	-6.937508e-09	-3.076628e-09	-3.815949e+01	-8.812930e+02
1.600000e-07	-6.929994e-09	-3.043188e-09	-3.811821e+01	-8.744255e+02
1.700000e-07	-6.922223e-09	-2.965510e-09	-3.807552e+01	-8.531971e+02
1.800000e-07	-6.913991e-09	-2.998434e-09	-3.803025e+01	-8.599722e+02
1.900000e-07	-6.905114e-09	-3.068024e-09	-3.798137e+01	-8.793945e+02
2.000000e-07	-6.895734e-09	-3.025196e-09	-3.792967e+01	-8.698269e+02
2.100000e-07	-6.885935e-09	-2.959565e-09	-3.787574e+01	-8.510972e+02
2.200000e-07	-6.875421e-09	-3.005963e-09	-3.781789e+01	-8.617606e+02
2.300000e-07	-6.864128e-09	-3.046467e-09	-3.775578e+01	-8.741993e+02
2.400000e-07	-6.852306e-09	-2.975592e-09	-3.769085e+01	-8.567119e+02
2.500000e-07	-6.840006e-09	-2.941643e-09	-3.762328e+01	-8.456455e+02
2.600000e-07	-6.827087e-09	-3.012915e-09	-3.755226e+01	-8.635415e+02
2.700000e-07	-6.813579e-09	-3.020238e-09	-3.747799e+01	-8.674620e+02
2.800000e-07	-6.799544e-09	-2.948075e-09	-3.740083e+01	-8.483805e+02
2.900000e-07	-6.784836e-09	-2.962907e-09	-3.731996e+01	-8.503294e+02
3.000000e-07	-6.769337e-09	-3.011125e-09	-3.723468e+01	-8.639091e+02
3.100000e-07	-6.753168e-09	-2.959930e-09	-3.714574e+01	-8.518155e+02
3.200000e-07	-6.736500e-09	-2.930390e-09	-3.705413e+01	-8.422276e+02
3.300000e-07	-6.719414e-09	-2.998828e-09	-3.696015e+01	-8.594616e+02
3.400000e-07	-6.701997e-09	-2.994599e-09	-3.686438e+01	-8.604484e+02
3.500000e-07	-6.684256e-09	-2.917889e-09	-3.676691e+01	-8.399733e+02
3.600000e-07	-6.666027e-09	-2.942861e-09	-3.666671e+01	-8.444276e+02
3.700000e-07	-6.647243e-09	-2.996491e-09	-3.656340e+01	-8.596150e+02
3.800000e-07	-6.628038e-09	-2.941737e-09	-3.645777e+01	-8.466117e+02
3.900000e-07	-6.608496e-09	-2.911065e-09	-3.635029e+01	-8.366065e+02
4.000000e-07	-6.588627e-09	-2.969906e-09	-3.624104e+01	-8.513188e+02
4.100000e-07	-6.568416e-09	-2.966136e-09	-3.612991e+01	-8.521328e+02
4.200000e-07	-6.547781e-09	-2.913013e-09	-3.601642e+01	-8.377383e+02
4.300000e-07	-6.526638e-09	-2.935873e-09	-3.590012e+01	-8.422262e+02
4.400000e-07	-6.505038e-09	-2.955568e-09	-3.578134e+01	-8.484294e+02
4.500000e-07	-6.483010e-09	-2.911729e-09	-3.566023e+01	-8.374145e+02
4.600000e-07	-6.460502e-09	-2.911181e-09	-3.553649e+01	-8.358088e+02
4.700000e-07	-6.437527e-09	-2.941417e-09	-3.541016e+01	-8.438947e+02
4.800000e-07	-6.414163e-09	-2.915153e-09	-3.528168e+01	-8.379077e+02
4.900000e-07	-6.390487e-09	-2.895961e-09	-3.515147e+01	-8.319116e+02
5.000000e-07	-6.366488e-09	-2.918748e-09	-3.501948e+01	-8.374301e+02
5.100000e-07	-6.342058e-09	-2.906615e-09	-3.488509e+01	-8.350967e+02
5.200000e-07	-6.317039e-09	-2.881937e-09	-3.474746e+01	-8.282338e+02
5.300000e-07	-6.291270e-09	-2.895548e-09	-3.460569e+01	-8.310538e+02
5.400000e-07	-6.264729e-09	-2.895080e-09	-3.445966e+01	-8.313904e+02
5.500000e-07	-6.237601e-09	-2.873262e-09	-3.431047e+01	-8.256539e+02
5.600000e-07	-6.210081e-09	-2.877123e-09	-3.415915e+01	-8.260234e+02
5.700000e-07	-6.182270e-09	-2.877659e-09	-3.400622e+01	-8.262961e+02
5.800000e-07	-6.154182e-09	-2.859784e-09	-3.385174e+01	-8.216758e+02
5.900000e-07	-6.125741e-09	-2.859981e-09	-3.369529e+01	-8.212672e+02
6.000000e-07	-6.096867e-09	-2.859984e-09	-3.353647e+01	-8.212604e+02
6.100000e-07	-6.067560e-09	-2.841936e-09	-3.337528e+01	-8.165229e+02
6.200000e-07	-6.037858e-09	-2.841106e-09	-3.321191e+01	-8.158758e+02
6.300000e-07	-6.007761e-09	-2.845848e-09	-3.304639e+01	-8.170890e+02
6.400000e-07	-5.977247e-09	-2.829063e-09	-3.287857e+01	-8.127614e+02
6.500000e-07	-5.946296e-09	-2.819569e-09	-3.270833e+01	-8.099008e+02
6.600000e-07	-5.914951e-09	-2.822426e-09	-3.253595e+01	-8.104796e+02
6.700000e-07	-5.883312e-09	-2.811672e-09	-3.236195e+01	-8.076611e+02
6.800000e-07	-5.851409e-09	-2.802133e-09	-3.218651e+01	-8.048522e+02
6.900000e-07	-5.819162e-09	-2.803106e-09	-3.200916e+01	-8.049265e+02
7.000000e-07	-5.786434e-09	-2.793838e-09	-3.182909e+01	-8.024855e+02
7.100000e-07	-5.753062e-09	-2.781707e-09	-3.164550e+01	-7.990367e+02
7.200000e-07	-5.719002e-09	-2.780666e-09	-3.145813e+01	-7.985305e+02
7.300000e-07	-5.684360e-09	-2.775414e-09	-3.126755e+01	-7.971309e+02
7.400000e-07	-5.649255e-09	-2.763540e-09	-3.107445e+01	-7.938233e+02
7.500000e-07	-5.613796e-09	-2.758051e-09	-3.087944e+01	-7.921069e+02
7.600000e-07	-5.578071e-09	-2.753516e-09	-3.068299e+01	-7.907948e+02
7.700000e-07	-5.542080e-09	-2.744227e-09	-3.048506e+01	-7.882045e+02
7.800000e-07	-5.505735e-09	-2.736465e-09	-3.028517e+01	-7.859332e+02
7.900000e-07	-5.468985e-09	-2.730331e-09	-3.008304e+01	-7.841549e+02
8.000000e-07	-5.431851e-09	-2.722302e-09	-2.987875e+01	-7.818914e+02
8.100000e-07	-5.394329e-09	-2.714672e-09	-2.967233e+01	-7.796905e+02
8.200000e-07	-5.356401e-09	-2.708353e-09	-2.946372e+01	-7.778368e+02
8.300000e-07	-5.318039e-09	-2.701611e-09	-2.925276e+01	-7.758839e+02
8.400000e-07	-5.279233e-09	-2.693161e-09	-2.903933e+01	-7.734811e+02
8.500000e-07	-5.240069e-09	-2.683743e-09	-2.882389e+01	-7.708047e+02
8.600000e-07	-5.200643e-09	-2.674793e-09	-2.860702e+01	-7.682395e+02
8.700000e-07	-5.161012e-09	-2.666660e-09	-2.838905e+01	-7.658978e+02
8.800000e-07	-5.121167e-09	-2.658589e-09	-2.816989e+01	-7.635652e+02
8.900000e-07	-5.081047e-09	-2.650829e-09	-2.794919e+01	-7.613037e+02
9.000000e-07	-5.040574e-09	-2.642864e-09	-2.772648e+01	-7.590101e+02
9.100000e-07	-4.999639e-09	-2.633731e-09	-2.750124e+01	-7.564122e+02
9.200000e-07	-4.958112e-09	-2.624169e-09	-2.727279e+01	-7.536821e+02
9.300000e-07	-4.915963e-09	-2.615491e-09	-2.704088e+01	-7.511912e+02
9.400000e-07	-4.873273e-09	-2.606509e-09	-2.680594e+01	-7.486322e+02
9.500000e-07	-4.830153e-09	-2.596843e-09	-2.656866e+01	-7.458718e+02
9.600000e-07	-4.786712e-09	-2.587935e-09	-2.632967e+01	-7.432980e+02
9.700000e-07	-4.743033e-09	-2.579846e-09	-2.608940e+01	-7.409375e+02
9.800000e-07	-4.699127e-09	-2.571212e-09	-2.584789e+01	-7.384323e+02
9.900000e-07	-4.654967e-09	-2.561646e-09	-2.560500e+01	-7.356987e+02
1.000000e-06	-4.610538e-09	-2.551352e-09	-2.536064e+01	-7.327883e+02
1.010000e-06	-4.565800e-09	-2.540654e-09	-2.511459e+01	-7.297564e+02
1.020000e-06	-4.520755e-09	-2.530813e-09	-2.486681e+01	-7.269195e+02
1.030000e-06	-4.475418e-09	-2.521721e-09	-2.461740e+01	-7.242789e+02
1.040000e-06	-4.429783e-09	-2.511874e-09	-2.436636e+01	-7.214558e+02
1.050000e-06	-4.383841e-09	-2.501193e-09	-2.411368e+01	-7.184012e+02
1.060000e-06	-4.337569e-09	-2.490795e-09	-2.385920e+01	-7.154184e+02
1.070000e-06	-4.290960e-09	-2.480425e-09	-2.360282e+01	-7.124511e+02
1.080000e-06	-4.244026e-09	-2.469549e-09	-2.334467e+01	-7.093455e+02
1.090000e-06	-4.196806e-09	-2.458772e-09	-2.308495e+01	-7.062593e+02
1.100000e-06	-4.149337e-09	-2.448169e-09	-2.282386e+01	-7.032221e+02
1.110000e-06	-4.101655e-09	-2.437177e-09	-2.256164e+01	-7.000751e+02
1.120000e-06	-4.053795e-09	-2.426320e-09	-2.229842e+01	-6.969452e+02
1.130000e-06	-4.005725e-09	-2.415454e-09	-2.203406e+01	-6.938152e+02
1.140000e-06	-3.957382e-09	-2.404004e-09	-2.176818e+01	-6.905441e+02
1.150000e-06	-3.908704e-09	-2.392206e-09	-2.150045e+01	-6.871789e+02
1.160000e-06	-3.859649e-09	-2.380754e-09	-2.123061e+01	-6.838890e+02
1.170000e-06	-3.810178e-09	-2.369740e-09	-2.095850e+01	-6.807089e+02
1.180000e-06	-3.760242e-09	-2.358832e-09	-2.068385e+01	-6.775521e+02
1.190000e-06	-3.709839e-09	-2.347309e-09	-2.040659e+01	-6.742374e+02
1.200000e-06	-3.659025e-09	-2.334918e-09	-2.012714e+01	-6.707074e+02
1.210000e-06	-3.607868e-09	-2.322142e-09	-1.984580e+01	-6.670589e+02
1.220000e-06	-3.556403e-09	-2.309408e-09	-1.956279e+01	-6.633989e+02
1.230000e-06	-3.504668e-09	-2.296648e-09	-1.927831e+01	-6.597452e+02
1.240000e-06	-3.452707e-09	-2.283683e-09	-1.899259e+01	-6.560520e+02
1.250000e-06	-3.400522e-09	-2.270630e-09	-1.870564e+01	-6.523183e+02
1.260000e-06	-3.348085e-09	-2.257858e-09	-1.841727e+01	-6.486418e+02
1.270000e-06	-3.295400e-09	-2.245142e-09	-1.812758e+01	-6.449871e+02
1.280000e-06	-3.242476e-09	-2.232148e-09	-1.783656e+01	-6.412529e+02
1.290000e-06	-3.189313e-09	-2.219109e-09	-1.754420e+01	-6.374991e+02
1.300000e-06	-3.135926e-09	-2.205555e-09	-1.725063e+01	-6.336164e+02
1.310000e-06	-3.082350e-09	-2.190963e-09	-1.695600e+01	-6.294512e+02
1.320000e-06	-3.028591e-09	-2.176760e-09	-1.666043e+01	-6.253629e+02
1.330000e-06	-2.974631e-09	-2.163309e-09	-1.636373e+01	-6.214869e+02
1.340000e-06	-2.920457e-09	-2.149152e-09	-1.606581e+01	-6.174390e+02
1.350000e-06	-2.866052e-09	-2.134805e-09	-1.576664e+01	-6.133149e+02
1.360000e-06	-2.811414e-09	-2.120805e-09	-1.546616e+01	-6.092709e+02
1.370000e-06	-2.756555e-09	-2.106235e-09	-1.516443e+01	-6.050812e+02
1.380000e-06	-2.701484e-09	-2.091053e-09	-1.486155e+01	-6.007292e+02
1.390000e-06	-2.646234e-09	-2.075814e-09	-1.455773e+01	-5.963606e+02
1.400000e-06	-2.590838e-09	-2.060353e-09	-1.425311e+01	-5.919316e+02
1.410000e-06	-2.535317e-09	-2.044490e-09	-1.394778e+01	-5.873816e+02
1.420000e-06	-2.479689e-09	-2.028613e-09	-1.364187e+01	-5.828111e+02
1.430000e-06	-2.423973e-09	-2.013107e-09	-1.333548e+01	-5.783458e+02
1.440000e-06	-2.368176e-09	-1.997277e-09	-1.302866e+01	-5.738049e+02
1.450000e-06	-2.312295e-09	-1.980731e-09	-1.272137e+01	-5.690721e+02
1.460000e-06	-2.256326e-09	-1.963720e-09	-1.241361e+01	-5.642090e+02
1.470000e-06	-2.200251e-09	-1.946619e-09	-1.210528e+01	-5.592982e+02
1.480000e-06	-2.144013e-09	-1.929495e-09	-1.179606e+01	-5.543684e+02
1.490000e-06	-2.087606e-09	-1.912464e-09	-1.148593e+01	-5.494676e+02
1.500000e-06	-2.031030e-09	-1.895262e-09	-1.117486e+01	-5.445271e+02
1.510000e-06	-1.974253e-09	-1.877627e-09	-1.086267e+01	-5.394604e+02
1.520000e-06	-1.917282e-09	-1.859878e-09	-1.054941e+01	-5.343439e+02
1.530000e-06	-1.860103e-09	-1.842027e-09	-1.023502e+01	-5.292084e+02
1.540000e-06	-1.802712e-09	-1.824010e-09	-9.919437e+00	-5.240438e+02
1.550000e-06	-1.745127e-09	-1.805477e-09	-9.602803e+00	-5.187340e+02
1.560000e-06	-1.687372e-09	-1.786652e-09	-9.285222e+00	-5.133264e+02
1.570000e-06	-1.629434e-09	-1.767813e-09	-8.966585e+00	-5.079047e+02
1.580000e-06	-1.571294e-09	-1.748595e-09	-8.646833e+00	-5.023828e+02
1.590000e-06	-1.512943e-09	-1.729369e-09	-8.325956e+00	-4.968605e+02
1.600000e-06	-1.454398e-09	-1.710379e-09	-8.003974e+00	-4.914071e+02
1.610000e-06	-1.395690e-09	-1.691022e-09	-7.681089e+00	-4.858526e+02
1.620000e-06	-1.336826e-09	-1.671193e-09	-7.357338e+00	-4.801491e+02
1.630000e-06	-1.277831e-09	-1.651201e-09	-7.032838e+00	-4.743946e+02
1.640000e-06	-1.218717e-09	-1.631105e-09	-6.707712e+00	-4.686229e+02
1.650000e-06	-1.159506e-09	-1.610784e-09	-6.382074e+00	-4.627961e+02
1.660000e-06	-1.100219e-09	-1.590393e-09	-6.056022e+00	-4.569325e+02
1.670000e-06	-1.040870e-09	-1.569967e-09	-5.729615e+00	-4.510357e+02
1.680000e-06	-9.814749e-10	-1.549042e-09	-5.402950e+00	-4.450149e+02
1.690000e-06	-9.220274e-10	-1.527875e-09	-5.076001e+00	-4.389411e+02
1.700000e-06	-8.625458e-10	-1.506559e-09	-4.748872e+00	-4.328361e+02
1.710000e-06	-8.030226e-10	-1.484775e-09	-4.421526e+00	-4.266022e+02
1.720000e-06	-7.434501e-10	-1.462617e-09	-4.093917e+00	-4.202455e+02
1.730000e-06	-6.838390e-10	-1.440144e-09	-3.766112e+00	-4.138001e+02
1.740000e-06	-6.241921e-10	-1.417846e-09	-3.438154e+00	-4.074062e+02
1.750000e-06	-5.645271e-10	-1.395861e-09	-3.110076e+00	-4.010902e+02
1.760000e-06	-5.048486e-10	-1.373794e-09	-2.781886e+00	-3.947372e+02
1.770000e-06	-4.451517e-10	-1.351475e-09	-2.453592e+00	-3.883037e+02
1.780000e-06	-3.854280e-10	-1.328732e-09	-2.125128e+00	-3.817584e+02
1.790000e-06	-3.256866e-10	-1.305228e-09	-1.796536e+00	-3.750331e+02
1.800000e-06	-2.659416e-10	-1.281322e-09	-1.467954e+00	-3.681990e+02
1.810000e-06	-2.061880e-10	-1.257648e-09	-1.139357e+00	-3.613879e+02
1.820000e-06	-1.464241e-10	-1.233751e-09	-8.107138e-01	-3.545000e+02
1.830000e-06	-8.666591e-11	-1.209550e-09	-4.821039e-01	-3.475356e+02
1.840000e-06	-2.691552e-11	-1.185126e-09	-1.535319e-01	-3.405313e+02
1.850000e-06	3.282933e-11	-1.160366e-09	1.750196e-01	-3.334432e+02
1.860000e-06	9.257403e-11	-1.135686e-09	5.035666e-01	-3.263476e+02
1.870000e-06	1.523230e-10	-1.110510e-09	8.321402e-01	-3.191016e+02
1.880000e-06	2.120696e-10	-1.084365e-09	1.160719e+00	-3.116001e+02
1.890000e-06	2.718196e-10	-1.057800e-09	1.489304e+00	-3.039959e+02
1.900000e-06	3.315607e-10	-1.031394e-09	1.817828e+00	-2.964146e+02
1.910000e-06	3.912787e-10	-1.005079e-09	2.146244e+00	-2.888291e+02
1.920000e-06	4.509762e-10	-9.783834e-10	2.474555e+00	-2.811304e+02
1.930000e-06	5.106546e-10	-9.512108e-10	2.802762e+00	-2.733018e+02
1.940000e-06	5.703166e-10	-9.234766e-10	3.130900e+00	-2.653366e+02
1.950000e-06	6.299655e-10	-8.955473e-10	3.458942e+00	-2.573144e+02
1.960000e-06	6.895784e-10	-8.678605e-10	3.786795e+00	-2.493227e+02
1.970000e-06	7.491502e-10	-8.396049e-10	4.114450e+00	-2.411646e+02
1.980000e-06	8.086929e-10	-8.101801e-10	4.441907e+00	-2.327009e+02
1.990000e-06	8.681996e-10	-7.800345e-10	4.769149e+00	-2.240475e+02
2.000000e-06	9.276555e-10	-7.495054e-10	5.096128e+00	-2.152836e+02
2.010000e-06	9.870626e-10	-7.187235e-10	5.422863e+00	-2.064216e+02
2.020000e-06	1.046421e-09	-6.874493e-10	5.749377e+00	-1.974081e+02
2.030000e-06	1.105718e-09	-6.554510e-10	6.075554e+00	-1.882040e+02
2.040000e-06	1.164937e-09	-6.231916e-10	6.401241e+00	-1.789266e+02
2.050000e-06	1.224069e-09	-5.909607e-10	6.726436e+00	-1.696540e+02
2.060000e-06	1.283101e-09	-5.584160e-10	7.051142e+00	-1.602878e+02
2.070000e-06	1.342021e-09	-5.253032e-10	7.375237e+00	-1.507509e+02
2.080000e-06	1.400814e-09	-4.915012e-10	7.698582e+00	-1.410302e+02
2.090000e-06	1.459440e-09	-4.571257e-10	8.021028e+00	-1.311552e+02
2.100000e-06	1.517889e-09	-4.224866e-10	8.342535e+00	-1.211968e+02
2.110000e-06	1.576143e-09	-3.876926e-10	8.662977e+00	-1.111763e+02
2.120000e-06	1.634174e-09	-3.526063e-10	8.982144e+00	-1.010606e+02
2.130000e-06	1.691961e-09	-3.166660e-10	9.299939e+00	-9.072677e+01
2.140000e-06	1.749538e-09	-2.799912e-10	9.616567e+00	-8.020686e+01
2.150000e-06	1.806925e-09	-2.433467e-10	9.932182e+00	-6.968347e+01
2.160000e-06	1.864106e-09	-2.064876e-10	1.024668e+01	-5.908801e+01
2.170000e-06	1.921097e-09	-1.690719e-10	1.056011e+01	-4.832424e+01
2.180000e-06	1.977897e-09	-1.311627e-10	1.087247e+01	-3.740959e+01
2.190000e-06	2.034491e-09	-9.278022e-11	1.118366e+01	-2.636851e+01
2.200000e-06	2.090903e-09	-5.421173e-11	1.149385e+01	-1.527216e+01
2.210000e-06	2.147159e-09	-1.564830e-11	1.180323e+01	-4.157250e+00
2.220000e-06	2.203259e-09	2.313444e-11	1.211177e+01	7.027686e+00
2.230000e-06	2.259234e-09	6.270857e-11	1.241962e+01	1.841254e+01
2.240000e-06	2.315107e-09	1.031128e-10	1.272689e+01	3.000767e+01
2.250000e-06	2.370867e-09	1.437565e-10	1.303354e+01	4.167745e+01
2.260000e-06	2.426529e-09	1.845363e-10	1.333966e+01	5.340426e+01
2.270000e-06	2.482075e-09	2.252237e-10	1.364516e+01	6.513048e+01
2.280000e-06	2.537505e-09	2.655591e-10	1.395004e+01	7.677901e+01
2.290000e-06	2.592808e-09	3.059943e-10	1.425424e+01	8.845543e+01
2.300000e-06	2.647953e-09	3.471203e-10	1.455756e+01	1.003103e+02
2.310000e-06	2.702952e-09	3.892885e-10	1.486009e+01	1.124291e+02
2.320000e-06	2.757751e-09	4.320816e-10	1.516146e+01	1.247080e+02
2.330000e-06	2.812339e-09	4.751136e-10	1.546164e+01	1.370523e+02
2.340000e-06	2.866732e-09	5.176310e-10	1.576080e+01	1.492767e+02
2.350000e-06	2.920927e-09	5.596196e-10	1.605889e+01	1.613757e+02
2.360000e-06	2.974915e-09	6.014363e-10	1.635586e+01	1.734330e+02
2.370000e-06	3.028701e-09	6.428519e-10	1.665170e+01	1.853848e+02
2.380000e-06	3.082283e-09	6.842933e-10	1.694640e+01	1.973252e+02
2.390000e-06	3.135652e-09	7.260086e-10	1.723994e+01	2.093127e+02
2.400000e-06	3.188801e-09	7.681499e-10	1.753228e+01	2.213990e+02
2.410000e-06	3.241703e-09	8.106531e-10	1.782324e+01	2.335815e+02
2.420000e-06	3.294350e-09	8.529722e-10	1.811284e+01	2.457303e+02
2.430000e-06	3.346757e-09	8.944836e-10	1.840116e+01	2.576782e+02
2.440000e-06	3.398933e-09	9.349541e-10	1.868818e+01	2.693404e+02
2.450000e-06	3.450876e-09	9.747529e-10	1.897389e+01	2.808077e+02
2.460000e-06	3.502584e-09	1.014481e-09	1.925832e+01	2.922309e+02
2.470000e-06	3.554034e-09	1.054266e-09	1.954134e+01	3.036530e+02
2.480000e-06	3.605171e-09	1.093777e-09	1.982266e+01	3.150050e+02
2.490000e-06	3.655938e-09	1.132998e-09	2.010204e+01	3.262735e+02
2.500000e-06	3.706300e-09	1.172306e-09	2.037919e+01	3.375523e+02
2.510000e-06	3.756212e-09	1.211714e-09	2.065379e+01	3.488452e+02
2.520000e-06	3.805651e-09	1.250614e-09	2.092576e+01	3.599958e+02
2.530000e-06	3.854645e-09	1.288272e-09	2.119531e+01	3.708154e+02
2.540000e-06	3.903247e-09	1.324761e-09	2.146272e+01	3.813119e+02
2.550000e-06	3.951531e-09	1.360871e-09	2.172834e+01	3.916890e+02
2.560000e-06	3.999577e-09	1.397092e-09	2.199262e+01	4.020917e+02
2.570000e-06	4.047432e-09	1.433280e-09	2.225582e+01	4.124899e+02
2.580000e-06	4.095107e-09	1.469179e-09	2.251803e+01	4.228117e+02
2.590000e-06	4.142591e-09	1.504728e-09	2.277923e+01	4.330228e+02
2.600000e-06	4.189814e-09	1.540067e-09	2.303906e+01	4.431516e+02
2.610000e-06	4.236729e-09	1.575018e-09	2.329723e+01	4.531650e+02
2.620000e-06	4.283329e-09	1.609098e-09	2.355368e+01	4.629407e+02
2.630000e-06	4.329591e-09	1.641993e-09	2.380826e+01	4.724037e+02
2.640000e-06	4.375529e-09	1.673830e-09	2.406105e+01	4.815814e+02
2.650000e-06	4.421177e-09	1.705352e-09	2.431224e+01	4.906479e+02
2.660000e-06	4.466544e-09	1.736754e-09	2.456186e+01	4.996675e+02
2.670000e-06	4.511614e-09	1.767694e-09	2.480985e+01	5.085610e+02
2.680000e-06	4.556355e-09	1.798331e-09	2.505604e+01	5.173481e+02
2.690000e-06	4.600783e-09	1.828644e-09	2.530046e+01	5.260227e+02
2.700000e-06	4.644937e-09	1.858161e-09	2.554333e+01	5.344805e+02
2.710000e-06	4.688870e-09	1.886622e-09	2.578497e+01	5.426609e+02
2.720000e-06	4.732629e-09	1.913909e-09	2.602566e+01	5.505351e+02
2.730000e-06	4.776224e-09	1.940390e-09	2.626548e+01	5.581735e+02
2.740000e-06	4.819577e-09	1.966492e-09	2.650400e+01	5.656769e+02
2.750000e-06	4.862553e-09	1.992508e-09	2.674049e+01	5.731323e+02
2.760000e-06	4.905020e-09	2.018713e-09	2.697425e+01	5.806181e+02
2.770000e-06	4.946872e-09	2.044672e-09	2.720461e+01	5.880405e+02
2.780000e-06	4.988100e-09	2.069948e-09	2.743150e+01	5.952918e+02
2.790000e-06	5.028791e-09	2.094717e-09	2.765538e+01	6.024017e+02
2.800000e-06	5.069063e-09	2.119044e-09	2.787691e+01	6.093750e+02
2.810000e-06	5.109041e-09	2.142727e-09	2.809681e+01	6.161602e+02
2.820000e-06	5.148804e-09	2.165566e-09	2.831556e+01	6.227129e+02
2.830000e-06	5.188359e-09	2.187776e-09	2.853319e+01	6.290958e+02
2.840000e-06	5.227655e-09	2.209897e-09	2.874940e+01	6.354466e+02
2.850000e-06	5.266590e-09	2.232033e-09	2.896367e+01	6.417868e+02
2.860000e-06	5.305117e-09	2.254020e-09	2.917571e+01	6.480800e+02
2.870000e-06	5.343264e-09	2.275900e-09	2.938560e+01	6.543407e+02
2.880000e-06	5.381030e-09	2.297278e-09	2.959337e+01	6.604635e+02
2.890000e-06	5.418418e-09	2.317838e-09	2.979911e+01	6.663597e+02
2.900000e-06	5.455425e-09	2.337800e-09	3.000273e+01	6.720785e+02
2.910000e-06	5.492026e-09	2.357093e-09	3.020409e+01	6.776268e+02
2.920000e-06	5.528265e-09	2.375794e-09	3.040345e+01	6.830303e+02
2.930000e-06	5.564228e-09	2.394396e-09	3.060128e+01	6.883838e+02
2.940000e-06	5.599972e-09	2.413247e-09	3.079791e+01	6.937714e+02
2.950000e-06	5.635457e-09	2.431987e-09	3.099316e+01	6.991091e+02
2.960000e-06	5.670568e-09	2.450269e-09	3.118644e+01	7.043182e+02
2.970000e-06	5.705199e-09	2.467905e-09	3.137714e+01	7.093611e+02
2.980000e-06	5.739237e-09	2.484585e-09	3.156451e+01	7.141617e+02
2.990000e-06	5.772599e-09	2.500735e-09	3.174809e+01	7.188163e+02
3.000000e-06	5.805323e-09	2.516601e-09	3.192815e+01	7.233682e+02
3.010000e-06	5.837556e-09	2.531894e-09	3.210548e+01	7.277494e+02
3.020000e-06	5.869477e-09	2.546569e-09	3.228108e+01	7.319650e+02
3.030000e-06	5.901152e-09	2.560797e-09	3.245535e+01	7.360516e+02
3.040000e-06	5.932530e-09	2.575206e-09	3.262802e+01	7.401623e+02
3.050000e-06	5.963536e-09	2.589982e-09	3.279864e+01	7.443472e+02
3.060000e-06	5.994090e-09	2.604144e-09	3.296672e+01	7.483744e+02
3.070000e-06	6.024194e-09	2.617311e-09	3.313234e+01	7.521610e+02
3.080000e-06	6.053889e-09	2.629852e-09	3.329572e+01	7.557817e+02
3.090000e-06	6.083175e-09	2.642024e-09	3.345690e+01	7.592810e+02
3.100000e-06	6.112044e-09	2.653863e-09	3.361579e+01	7.626681e+02
3.110000e-06	6.140508e-09	2.665196e-09	3.377242e+01	7.659031e+02
3.120000e-06	6.168637e-09	2.676410e-09	3.392718e+01	7.690980e+02
3.130000e-06	6.196512e-09	2.687714e-09	3.408051e+01	7.723341e+02
3.140000e-06	6.224142e-09	2.698992e-09	3.423251e+01	7.755749e+02
3.150000e-06	6.251426e-09	2.710631e-09	3.438263e+01	7.788973e+02
3.160000e-06	6.278187e-09	2.721947e-09	3.452989e+01	7.821286e+02
3.170000e-06	6.304241e-09	2.732062e-09	3.467330e+01	7.850408e+02
3.180000e-06	6.329521e-09	2.741270e-09	3.481247e+01	7.877082e+02
3.190000e-06	6.354119e-09	2.750155e-09	3.494786e+01	7.902741e+02
3.200000e-06	6.378220e-09	2.759591e-09	3.508047e+01	7.929633e+02
3.210000e-06	6.401947e-09	2.769263e-09	3.521101e+01	7.957207e+02
3.220000e-06	6.425312e-09	2.778954e-09	3.533955e+01	7.984924e+02
3.230000e-06	6.448257e-09	2.788945e-09	3.546580e+01	8.013397e+02
3.240000e-06	6.470720e-09	2.798800e-09	3.558938e+01	8.041482e+02
3.250000e-06	6.492737e-09	2.808223e-09	3.571048e+01	8.068341e+02
3.260000e-06	6.514347e-09	2.816762e-09	3.582938e+01	8.092789e+02
3.270000e-06	6.535532e-09	2.824558e-09	3.594598e+01	8.115265e+02
3.280000e-06	6.556247e-09	2.832268e-09	3.606000e+01	8.137541e+02
3.290000e-06	6.576524e-09	2.840186e-09	3.617155e+01	8.160323e+02
3.300000e-06	6.596473e-09	2.848449e-09	3.628129e+01	8.183899e+02
3.310000e-06	6.616150e-09	2.856937e-09	3.638954e+01	8.208018e+02
3.320000e-06	6.635486e-09	2.865177e-09	3.649592e+01	8.231500e+02
3.330000e-06	6.654370e-09	2.872895e-09	3.659984e+01	8.253581e+02
3.340000e-06	6.672705e-09	2.880051e-09	3.670078e+01	8.274145e+02
3.350000e-06	6.690490e-09	2.886533e-09	3.679863e+01	8.293046e+02
3.360000e-06	6.707811e-09	2.892664e-09	3.689389e+01	8.311004e+02
3.370000e-06	6.724766e-09	2.898929e-09	3.698715e+01	8.329123e+02
3.380000e-06	6.741380e-09	2.905545e-09	3.707856e+01	8.348013e+02
3.390000e-06	6.757534e-09	2.912454e-09	3.716742e+01	8.367539e+02
3.400000e-06	6.773065e-09	2.919470e-09	3.725285e+01	8.387216e+02
3.410000e-06	6.787915e-09	2.926308e-09	3.733456e+01	8.406520e+02
3.420000e-06	6.802177e-09	2.932479e-09	3.741301e+01	8.424204e+02
3.430000e-06	6.815927e-09	2.937878e-09	3.748870e+01	8.439888e+02
3.440000e-06	6.829175e-09	2.942863e-09	3.756166e+01	8.454543e+02
3.450000e-06	6.841914e-09	2.947503e-09	3.763178e+01	8.468142e+02
3.460000e-06	6.854162e-09	2.952091e-09	3.769919e+01	8.481327e+02
3.470000e-06	6.865967e-09	2.956982e-09	3.776418e+01	8.495189e+02
3.480000e-06	6.877307e-09	2.961880e-09	3.782659e+01	8.509083e+02
3.490000e-06	6.888035e-09	2.966663e-09	3.788566e+01	8.522702e+02
3.500000e-06	6.897999e-09	2.971387e-09	3.794060e+01	8.536196e+02
3.510000e-06	6.907182e-09	2.975850e-09	3.799123e+01	8.548981e+02
3.520000e-06	6.915701e-09	2.979780e-09	3.803816e+01	8.560228e+02
3.530000e-06	6.923752e-09	2.983219e-09	3.808247e+01	8.570106e+02
3.540000e-06	6.931471e-09	2.986229e-09	3.812497e+01	8.578856e+02
3.550000e-06	6.938854e-09	2.988887e-09	3.816561e+01	8.586712e+02
3.560000e-06	6.945797e-09	2.991637e-09	3.820383e+01	8.594771e+02
3.570000e-06	6.952241e-09	2.994635e-09	3.823932e+01	8.603247e+02
3.580000e-06	6.958178e-09	2.997544e-09	3.827206e+01	8.611399e+02
3.590000e-06	6.963628e-09	3.000205e-09	3.830210e+01	8.618928e+02
3.600000e-06	6.968588e-09	3.002498e-09	3.832943e+01	8.625440e+02
3.610000e-06	6.973054e-09	3.004282e-09	3.835403e+01	8.630611e+02
3.620000e-06	6.977121e-09	3.005901e-09	3.837643e+01	8.635343e+02
3.630000e-06	6.980890e-09	3.007231e-09	3.839721e+01	8.639306e+02
3.640000e-06	6.984330e-09	3.008173e-09	3.841622e+01	8.642245e+02
3.650000e-06	6.987284e-09	3.009169e-09	3.843260e+01	8.645185e+02
3.660000e-06	6.989581e-09	3.010183e-09	3.844538e+01	8.648038e+02
3.670000e-06	6.991120e-09	3.011103e-09	3.845394e+01	8.650467e+02
3.680000e-06	6.991931e-09	3.011980e-09	3.845848e+01	8.652745e+02
3.690000e-06	6.992196e-09	3.012191e-09	3.845998e+01	8.653524e+02
3.700000e-06	6.992079e-09	3.011913e-09	3.845939e+01	8.652981e+02
3.710000e-06	6.991625e-09	3.012642e-09	3.845695e+01	8.654770e+02
3.720000e-06	6.990760e-09	3.013809e-09	3.845224e+01	8.657747e+02
3.730000e-06	6.989406e-09	3.014303e-09	3.844489e+01	8.658946e+02
3.740000e-06	6.987596e-09	3.014122e-09	3.843500e+01	8.658408e+02
3.750000e-06	6.985367e-09	3.011914e-09	3.842283e+01	8.652812e+02
3.760000e-06	6.982695e-09	3.007226e-09	3.840823e+01	8.640337e+02
3.770000e-06	6.979566e-09	3.010150e-09	3.839105e+01	8.646179e+02
3.780000e-06	6.975968e-09	3.030703e-09	3.837127e+01	8.700035e+02
3.790000e-06	6.971829e-09	3.027274e-09	3.834854e+01	8.698614e+02
3.800000e-06	6.966970e-09	2.974111e-09	3.832187e+01	8.558782e+02
3.810000e-06	6.961411e-09	2.972841e-09	3.829138e+01	8.538969e+02
3.820000e-06	6.955496e-09	3.044247e-09	3.825898e+01	8.727003e+02
3.830000e-06	6.949388e-09	3.038979e-09	3.822557e+01	8.733183e+02
3.840000e-06	6.942764e-09	2.957792e-09	3.818927e+01	8.518141e+02
3.850000e-06	6.935366e-09	2.964056e-09	3.814865e+01	8.512017e+02
3.860000e-06	6.927407e-09	3.055374e-09	3.810491e+01	8.751925e+02
3.870000e-06	6.919139e-09	3.050073e-09	3.805945e+01	8.760823e+02
3.880000e-06	6.910451e-09	2.949767e-09	3.801172e+01	8.496270e+02
3.890000e-06	6.901158e-09	2.954833e-09	3.796064e+01	8.485665e+02
3.900000e-06	6.891362e-09	3.058464e-09	3.790677e+01	8.759001e+02
3.910000e-06	6.881252e-09	3.054238e-09	3.785121e+01	8.770536e+02
3.920000e-06	6.870740e-09	2.954361e-09	3.779341e+01	8.504332e+02
3.930000e-06	6.859635e-09	2.961994e-09	3.773237e+01	8.503712e+02
3.940000e-06	6.847993e-09	3.038748e-09	3.766840e+01	8.713281e+02
3.950000e-06	6.835868e-09	3.010050e-09	3.760180e+01	8.653479e+02
3.960000e-06	6.823111e-09	2.955664e-09	3.753173e+01	8.494758e+02
3.970000e-06	6.809635e-09	3.007353e-09	3.745777e+01	8.618686e+02
3.980000e-06	6.795523e-09	3.026165e-09	3.738038e+01	8.691679e+02
3.990000e-06	6.780760e-09	2.931142e-09	3.729934e+01	8.449871e+02
4.000000e-06	6.765332e-09	2.926754e-09	3.721458e+01	8.408868e+02
4.010000e-06	6.749406e-09	3.041951e-09	3.712704e+01	8.707019e+02
4.020000e-06	6.733129e-09	3.044275e-09	3.703758e+01	8.738927e+02
4.030000e-06	6.716462e-09	2.957580e-09	3.694596e+01	8.506896e+02
4.040000e-06	6.699341e-09	2.978983e-09	3.685182e+01	8.545208e+02
4.050000e-06	6.681763e-09	3.014507e-09	3.675519e+01	8.654225e+02
4.060000e-06	6.663738e-09	2.939595e-09	3.665611e+01	8.466182e+02
4.070000e-06	6.645261e-09	2.933438e-09	3.655453e+01	8.421540e+02
4.080000e-06	6.626348e-09	3.043776e-09	3.645051e+01	8.706169e+02
4.090000e-06	6.606976e-09	3.043768e-09	3.634397e+01	8.733232e+02
4.100000e-06	6.587177e-09	2.961426e-09	3.623506e+01	8.512711e+02
4.110000e-06	6.567063e-09	2.989537e-09	3.612441e+01	8.568764e+02
4.120000e-06	6.546655e-09	3.014147e-09	3.601220e+01	8.650727e+02
4.130000e-06	6.525838e-09	2.932288e-09	3.589778e+01	8.442423e+02
4.140000e-06	6.504416e-09	2.931357e-09	3.578004e+01	8.413207e+02
4.150000e-06	6.482248e-09	3.006871e-09	3.565825e+01	8.612367e+02
4.160000e-06	6.459327e-09	2.972714e-09	3.553232e+01	8.541364e+02
4.170000e-06	6.435804e-09	2.929860e-09	3.540299e+01	8.413477e+02
4.180000e-06	6.411871e-09	2.982749e-09	3.527133e+01	8.542136e+02
4.190000e-06	6.387609e-09	2.981457e-09	3.513789e+01	8.556378e+02
4.200000e-06	6.363027e-09	2.933128e-09	3.500268e+01	8.425600e+02
4.210000e-06	6.338058e-09	2.957214e-09	3.486537e+01	8.473957e+02
4.220000e-06	6.312627e-09	2.967138e-09	3.472554e+01	8.509613e+02
4.230000e-06	6.286721e-09	2.926210e-09	3.458310e+01	8.404957e+02
4.240000e-06	6.260333e-09	2.934129e-09	3.443802e+01	8.413219e+02
4.250000e-06	6.233460e-09	2.947524e-09	3.429029e+01	8.451349e+02
4.260000e-06	6.206135e-09	2.915915e-09	3.414003e+01	8.372530e+02
4.270000e-06	6.178425e-09	2.914259e-09	3.398761e+01	8.359742e+02
4.280000e-06	6.150412e-09	2.925053e-09	3.383355e+01	8.387712e+02
4.290000e-06	6.122149e-09	2.901204e-09	3.367813e+01	8.327597e+02
4.300000e-06	6.093569e-09	2.899041e-09	3.352105e+01	8.316274e+02
4.310000e-06	6.064530e-09	2.908064e-09	3.336148e+01	8.339824e+02
4.320000e-06	6.034854e-09	2.882185e-09	3.319839e+01	8.273057e+02
4.330000e-06	6.004465e-09	2.874666e-09	3.303136e+01	8.247459e+02
4.340000e-06	5.973435e-09	2.887913e-09	3.286078e+01	8.281597e+02
4.350000e-06	5.941877e-09	2.869333e-09	3.268726e+01	8.234095e+02
4.360000e-06	5.909930e-09	2.855641e-09	3.251157e+01	8.192851e+02
4.370000e-06	5.877673e-09	2.864303e-09	3.233417e+01	8.214507e+02
4.380000e-06	5.845064e-09	2.849605e-09	3.215484e+01	8.177349e+02
4.390000e-06	5.812044e-09	2.833542e-09	3.197325e+01	8.130317e+02
4.400000e-06	5.778605e-09	2.839954e-09	3.178933e+01	8.145053e+02
4.410000e-06	5.744785e-09	2.831678e-09	3.160331e+01	8.124689e+02
4.420000e-06	5.710625e-09	2.814001e-09	3.141546e+01	8.074361e+02
4.430000e-06	5.676118e-09	2.813835e-09	3.122576e+01	8.070591e+02
4.440000e-06	5.641212e-09	2.809678e-09	3.103381e+01	8.060204e+02
4.450000e-06	5.605883e-09	2.794957e-09	3.083950e+01	8.019411e+02
4.460000e-06	5.570187e-09	2.788202e-09	3.064316e+01	7.998819e+02
4.470000e-06	5.534214e-09	2.783038e-09	3.044529e+01	7.984589e+02
4.480000e-06	5.498009e-09	2.772689e-09	3.024614e+01	7.955436e+02
4.490000e-06	5.461527e-09	2.765380e-09	3.004547e+01	7.933317e+02
4.500000e-06	5.424639e-09	2.759445e-09	2.984261e+01	7.915837e+02
4.510000e-06	5.387194e-09	2.750785e-09	2.963669e+01	7.891208e+02
4.520000e-06	5.349121e-09	2.740715e-09	2.942733e+01	7.862939e+02
4.530000e-06	5.310410e-09	2.730470e-09	2.921450e+01	7.834069e+02
4.540000e-06	5.271134e-09	2.722833e-09	2.899853e+01	7.811605e+02
4.550000e-06	5.231427e-09	2.715920e-09	2.878017e+01	7.791714e+02
4.560000e-06	5.191416e-09	2.705876e-09	2.856012e+01	7.763599e+02
4.570000e-06	5.151187e-09	2.696162e-09	2.833885e+01	7.735440e+02
4.580000e-06	5.110731e-09	2.688806e-09	2.811632e+01	7.713846e+02
4.590000e-06	5.069985e-09	2.680083e-09	2.789221e+01	7.689026e+02
4.600000e-06	5.028888e-09	2.669935e-09	2.766618e+01	7.659971e+02
4.610000e-06	4.987392e-09	2.660584e-09	2.743796e+01	7.633146e+02
4.620000e-06	4.945518e-09	2.650623e-09	2.720762e+01	7.605041e+02
4.630000e-06	4.903315e-09	2.639454e-09	2.697549e+01	7.573285e+02
4.640000e-06	4.860784e-09	2.629907e-09	2.674155e+01	7.545550e+02
4.650000e-06	4.817897e-09	2.621314e-09	2.650560e+01	7.520822e+02
4.660000e-06	4.774643e-09	2.610939e-09	2.626763e+01	7.491480e+02
4.670000e-06	4.731056e-09	2.600151e-09	2.602785e+01	7.460525e+02
4.680000e-06	4.687208e-09	2.590578e-09	2.578663e+01	7.432750e+02
4.690000e-06	4.643160e-09	2.580451e-09	2.554430e+01	7.403872e+02
4.700000e-06	4.598922e-09	2.569812e-09	2.530092e+01	7.373525e+02
4.710000e-06	4.554464e-09	2.559096e-09	2.505637e+01	7.342938e+02
4.720000e-06	4.509763e-09	2.547747e-09	2.481048e+01	7.310788e+02
4.730000e-06	4.464760e-09	2.536726e-09	2.456289e+01	7.279352e+02
4.740000e-06	4.419380e-09	2.526588e-09	2.431320e+01	7.250276e+02
4.750000e-06	4.373626e-09	2.515883e-09	2.406149e+01	7.219746e+02
4.760000e-06	4.327528e-09	2.504610e-09	2.380791e+01	7.187366e+02
4.770000e-06	4.281122e-09	2.493989e-09	2.355264e+01	7.156565e+02
4.780000e-06	4.234461e-09	2.483165e-09	2.329599e+01	7.125469e+02
4.790000e-06	4.187562e-09	2.471680e-09	2.303804e+01	7.092536e+02
4.800000e-06	4.140450e-09	2.460540e-09	2.277893e+01	7.060446e+02
4.810000e-06	4.093109e-09	2.449048e-09	2.251852e+01	7.027784e+02
4.820000e-06	4.045479e-09	2.436669e-09	2.225658e+01	6.992790e+02
4.830000e-06	3.997518e-09	2.424405e-09	2.199279e+01	6.957808e+02
4.840000e-06	3.949187e-09	2.412498e-09	2.172691e+01	6.923687e+02
4.850000e-06	3.900489e-09	2.400680e-09	2.145902e+01	6.889766e+02
4.860000e-06	3.851428e-09	2.388633e-09	2.118917e+01	6.855053e+02
4.870000e-06	3.802006e-09	2.376202e-09	2.091735e+01	6.819270e+02
4.880000e-06	3.752251e-09	2.363554e-09	2.064368e+01	6.783014e+02
4.890000e-06	3.702187e-09	2.350532e-09	2.036831e+01	6.745932e+02
4.900000e-06	3.651830e-09	2.337218e-09	2.009133e+01	6.708169e+02
4.910000e-06	3.601190e-09	2.324420e-09	1.981281e+01	6.671644e+02
4.920000e-06	3.550256e-09	2.311972e-09	1.953269e+01	6.635846e+02
4.930000e-06	3.499034e-09	2.299324e-09	1.925098e+01	6.599370e+02
4.940000e-06	3.447557e-09	2.286233e-09	1.896783e+01	6.561593e+02
4.950000e-06	3.395839e-09	2.272699e-09	1.868336e+01	6.522733e+02
4.960000e-06	3.343904e-09	2.258927e-09	1.839768e+01	6.483370e+02
4.970000e-06	3.291748e-09	2.244867e-09	1.811078e+01	6.443176e+02
4.980000e-06	3.239382e-09	2.230312e-09	1.782273e+01	6.401643e+02
4.990000e-06	3.186786e-09	2.216206e-09	1.753339e+01	6.361220e+02
5.000000e-06	3.133946e-09	2.202805e-09	1.724273e+01	6.322524e+02
5.010000e-06	3.080839e-09	2.188953e-09	1.695067e+01	6.282667e+02
5.020000e-06	3.027408e-09	2.174265e-09	1.665689e+01	6.240655e+02
5.030000e-06	2.973601e-09	2.158975e-09	1.636105e+01	6.196935e+02
5.040000e-06	2.919398e-09	2.143119e-09	1.606298e+01	6.151690e+02
5.050000e-06	2.864834e-09	2.127306e-09	1.576293e+01	6.106557e+02
5.060000e-06	2.809934e-09	2.112276e-09	1.546096e+01	6.063352e+02
5.070000e-06	2.754742e-09	2.097665e-09	1.515731e+01	6.021249e+02
5.080000e-06	2.699307e-09	2.082818e-09	1.485237e+01	5.978542e+02
5.090000e-06	2.643665e-09	2.067472e-09	1.454633e+01	5.934377e+02
5.100000e-06	2.587859e-09	2.051568e-09	1.423938e+01	5.888737e+02
5.110000e-06	2.531912e-09	2.035145e-09	1.393163e+01	5.841941e+02
5.120000e-06	2.475844e-09	2.018318e-09	1.362321e+01	5.794083e+02
5.130000e-06	2.419683e-09	2.001023e-09	1.331426e+01	5.744868e+02
5.140000e-06	2.363425e-09	1.984171e-09	1.300476e+01	5.696646e+02
5.150000e-06	2.307065e-09	1.968147e-09	1.269471e+01	5.650426e+02
5.160000e-06	2.250589e-09	1.952091e-09	1.238406e+01	5.604102e+02
5.170000e-06	2.193974e-09	1.935864e-09	1.207265e+01	5.557323e+02
5.180000e-06	2.137222e-09	1.918978e-09	1.176051e+01	5.508998e+02
5.190000e-06	2.080317e-09	1.900986e-09	1.144752e+01	5.457791e+02
5.200000e-06	2.023241e-09	1.882911e-09	1.113359e+01	5.406123e+02
5.210000e-06	1.966031e-09	1.864837e-09	1.081893e+01	5.354507e+02
5.220000e-06	1.908697e-09	1.846864e-09	1.050357e+01	5.303202e+02
5.230000e-06	1.851224e-09	1.829511e-09	1.018746e+01	5.253265e+02
5.240000e-06	1.793624e-09	1.811714e-09	9.870640e+00	5.202046e+02
5.250000e-06	1.735890e-09	1.793400e-09	9.553071e+00	5.149393e+02
5.260000e-06	1.678026e-09	1.775591e-09	9.234772e+00	5.097991e+02
5.270000e-06	1.620049e-09	1.757458e-09	8.915850e+00	5.046063e+02
5.280000e-06	1.561968e-09	1.738147e-09	8.596345e+00	4.991137e+02
5.290000e-06	1.503789e-09	1.718489e-09	8.276297e+00	4.934938e+02
5.300000e-06	1.445498e-09	1.698979e-09	7.955673e+00	4.878974e+02
5.310000e-06	1.387087e-09	1.679263e-09	7.634455e+00	4.822535e+02
5.320000e-06	1.328575e-09	1.659441e-09	7.312678e+00	4.765853e+02
5.330000e-06	1.269972e-09	1.639596e-09	6.990344e+00	4.709098e+02
5.340000e-06	1.211259e-09	1.619214e-09	6.667388e+00	4.650888e+02
5.350000e-06	1.152449e-09	1.598834e-09	6.343908e+00	4.592401e+02
5.360000e-06	1.093563e-09	1.579315e-09	6.019999e+00	4.536068e+02
5.370000e-06	1.034597e-09	1.560058e-09	5.695639e+00	4.480682e+02
5.380000e-06	9.755652e-10	1.540030e-09	5.370942e+00	4.423347e+02
5.390000e-06	9.164850e-10	1.518972e-09	5.046001e+00	4.363153e+02
5.400000e-06	8.573473e-10	1.497213e-09	4.720740e+00	4.300966e+02
5.410000e-06	7.981387e-10	1.475298e-09	4.395059e+00	4.238259e+02
5.420000e-06	7.388789e-10	1.453595e-09	4.069041e+00	4.176070e+02
5.430000e-06	6.795609e-10	1.431998e-09	3.742725e+00	4.114133e+02
5.440000e-06	6.202010e-10	1.410345e-09	3.416193e+00	4.051915e+02
5.450000e-06	5.608055e-10	1.388840e-09	3.089443e+00	3.989959e+02
5.460000e-06	5.013564e-10	1.367106e-09	2.762389e+00	3.927334e+02
5.470000e-06	4.418777e-10	1.344620e-09	2.435211e+00	3.862882e+02
5.480000e-06	3.823729e-10	1.321608e-09	2.107946e+00	3.797193e+02
5.490000e-06	3.228419e-10	1.298235e-09	1.780500e+00	3.730353e+02
5.500000e-06	2.632896e-10	1.274756e-09	1.452890e+00	3.662980e+02
5.510000e-06	2.037268e-10	1.251782e-09	1.125228e+00	3.596778e+02
5.520000e-06	1.441695e-10	1.228697e-09	7.975977e-01	3.530351e+02
5.530000e-06	8.461305e-11	1.204603e-09	4.699814e-01	3.461379e+02
5.540000e-06	2.505984e-11	1.179908e-09	1.424000e-01	3.390512e+02
5.550000e-06	-3.449391e-11	1.154961e-09	-1.851533e-01	3.318627e+02
5.560000e-06	-9.405465e-11	1.129852e-09	-5.127268e-01	3.246242e+02
5.570000e-06	-1.536134e-10	1.104670e-09	-8.403011e-01	3.173627e+02
5.580000e-06	-2.131675e-10	1.079172e-09	-1.167863e+00	3.100357e+02
5.590000e-06	-2.727015e-10	1.052977e-09	-1.495327e+00	3.025371e+02
5.600000e-06	-3.322146e-10	1.026157e-09	-1.822689e+00	2.948509e+02
5.610000e-06	-3.917170e-10	9.990817e-10	-2.149996e+00	2.870721e+02
5.620000e-06	-4.511873e-10	9.719060e-10	-2.477100e+00	2.792539e+02
5.630000e-06	-5.106174e-10	9.440496e-10	-2.804001e+00	2.712487e+02
5.640000e-06	-5.700066e-10	9.154501e-10	-3.130695e+00	2.630303e+02
5.650000e-06	-6.293448e-10	8.867122e-10	-3.457104e+00	2.547587e+02
5.660000e-06	-6.886293e-10	8.575131e-10	-3.783222e+00	2.463609e+02
5.670000e-06	-7.478476e-10	8.279523e-10	-4.108962e+00	2.378720e+02
5.680000e-06	-8.069939e-10	7.985055e-10	-4.434280e+00	2.294138e+02
5.690000e-06	-8.660786e-10	7.686640e-10	-4.759306e+00	2.208426e+02
5.700000e-06	-9.251022e-10	7.383879e-10	-5.084023e+00	2.121274e+02
5.710000e-06	-9.840551e-10	7.077060e-10	-5.408285e+00	2.032826e+02
5.720000e-06	-1.042945e-09	6.762682e-10	-5.732186e+00	1.942398e+02
5.730000e-06	-1.101767e-09	6.443216e-10	-6.055767e+00	1.850635e+02
5.740000e-06	-1.160507e-09	6.120769e-10	-6.378908e+00	1.758080e+02
5.750000e-06	-1.219166e-09	5.794760e-10	-6.701572e+00	1.664480e+02
5.760000e-06	-1.277749e-09	5.466530e-10	-7.023793e+00	1.570043e+02
5.770000e-06	-1.336231e-09	5.138855e-10	-7.345486e+00	1.475638e+02
5.780000e-06	-1.394603e-09	4.810241e-10	-7.666583e+00	1.381097e+02
5.790000e-06	-1.452882e-09	4.475852e-10	-7.987141e+00	1.285037e+02
5.800000e-06	-1.511049e-09	4.131871e-10	-8.307098e+00	1.186339e+02
5.810000e-06	-1.569094e-09	3.780854e-10	-8.626387e+00	1.085681e+02
5.820000e-06	-1.627025e-09	3.430255e-10	-8.945054e+00	9.849197e+01
5.830000e-06	-1.684835e-09	3.080427e-10	-9.263056e+00	8.841487e+01
5.840000e-06	-1.742519e-09	2.723437e-10	-9.580367e+00	7.815343e+01
5.850000e-06	-1.800076e-09	2.358030e-10	-9.896985e+00	6.766554e+01
5.860000e-06	-1.857493e-09	1.990070e-10	-1.021284e+01	5.708664e+01
5.870000e-06	-1.914787e-09	1.621189e-10	-1.052801e+01	4.647636e+01
5.880000e-06	-1.971936e-09	1.250291e-10	-1.084234e+01	3.581552e+01
5.890000e-06	-2.028924e-09	8.764981e-11	-1.115582e+01	2.507061e+01
5.900000e-06	-2.085748e-09	4.951348e-11	-1.146841e+01	1.411519e+01
5.910000e-06	-2.142407e-09	1.058682e-11	-1.178004e+01	2.934819e+00
5.920000e-06	-2.198938e-09	-2.849091e-11	-1.209094e+01	-8.303293e+00
5.930000e-06	-2.255352e-09	-6.761425e-11	-1.240124e+01	-1.955897e+01
5.940000e-06	-2.311651e-09	-1.071591e-10	-1.271095e+01	-3.093152e+01
5.950000e-06	-2.367845e-09	-1.475993e-10	-1.302011e+01	-4.254454e+01
5.960000e-06	-2.423947e-09	-1.885848e-10	-1.332876e+01	-5.431787e+01
5.970000e-06	-2.479958e-09	-2.292467e-10	-1.363689e+01	-6.603469e+01
5.980000e-06	-2.535863e-09	-2.699688e-10	-1.394447e+01	-7.776616e+01
5.990000e-06	-2.591642e-09	-3.113867e-10	-1.425134e+01	-8.967449e+01
6.000000e-06	-2.647260e-09	-3.534951e-10	-1.455733e+01	-1.017804e+02
6.010000e-06	-2.702676e-09	-3.959147e-10	-1.486220e+01	-1.139754e+02
6.020000e-06	-2.757837e-09	-4.380316e-10	-1.516564e+01	-1.260983e+02
6.030000e-06	-2.812693e-09	-4.797413e-10	-1.546740e+01	-1.381191e+02
6.040000e-06	-2.867192e-09	-5.217592e-10	-1.576719e+01	-1.502124e+02
6.050000e-06	-2.921323e-09	-5.643820e-10	-1.606493e+01	-1.624720e+02
6.060000e-06	-2.975094e-09	-6.070980e-10	-1.636065e+01	-1.747680e+02
6.070000e-06	-3.028502e-09	-6.495939e-10	-1.665438e+01	-1.869971e+02
6.080000e-06	-3.081591e-09	-6.919464e-10	-1.694635e+01	-1.991728e+02
6.090000e-06	-3.134408e-09	-7.343448e-10	-1.723684e+01	-2.113564e+02
6.100000e-06	-3.186973e-09	-7.769546e-10	-1.752595e+01	-2.235935e+02
6.110000e-06	-3.239310e-09	-8.193913e-10	-1.781381e+01	-2.357880e+02
6.120000e-06	-3.291437e-09	-8.609966e-10	-1.810056e+01	-2.477674e+02
6.130000e-06	-3.343352e-09	-9.020636e-10	-1.838619e+01	-2.595896e+02
6.140000e-06	-3.395080e-09	-9.429851e-10	-1.867076e+01	-2.713587e+02
6.150000e-06	-3.446565e-09	-9.838521e-10	-1.895397e+01	-2.831061e+02
6.160000e-06	-3.497765e-09	-1.024427e-09	-1.923564e+01	-2.947706e+02
6.170000e-06	-3.548694e-09	-1.064444e-09	-1.951581e+01	-3.062762e+02
6.180000e-06	-3.599328e-09	-1.104077e-09	-1.979436e+01	-3.176489e+02
6.190000e-06	-3.649665e-09	-1.143703e-09	-2.007126e+01	-3.290022e+02
6.200000e-06	-3.699700e-09	-1.183342e-09	-2.034649e+01	-3.403606e+02
6.210000e-06	-3.749406e-09	-1.222197e-09	-2.061992e+01	-3.515138e+02
6.220000e-06	-3.798748e-09	-1.259800e-09	-2.089146e+01	-3.623285e+02
6.230000e-06	-3.847662e-09	-1.296334e-09	-2.116066e+01	-3.728417e+02
6.240000e-06	-3.896121e-09	-1.332535e-09	-2.142723e+01	-3.832551e+02
6.250000e-06	-3.944169e-09	-1.368930e-09	-2.169153e+01	-3.937120e+02
6.260000e-06	-3.991838e-09	-1.405448e-09	-2.195372e+01	-4.041908e+02
6.270000e-06	-4.039180e-09	-1.441867e-09	-2.221414e+01	-4.146338e+02
6.280000e-06	-4.086245e-09	-1.477749e-09	-2.247306e+01	-4.249250e+02
6.290000e-06	-4.133063e-09	-1.512854e-09	-2.273066e+01	-4.350026e+02
6.300000e-06	-4.179690e-09	-1.547335e-09	-2.298721e+01	-4.449054e+02
6.310000e-06	-4.226138e-09	-1.581182e-09	-2.324275e+01	-4.546286e+02
6.320000e-06	-4.272382e-09	-1.614205e-09	-2.349716e+01	-4.641281e+02
6.330000e-06	-4.318403e-09	-1.646698e-09	-2.375033e+01	-4.734791e+02
6.340000e-06	-4.364152e-09	-1.679252e-09	-2.400201e+01	-4.828346e+02
6.350000e-06	-4.409577e-09	-1.712043e-09	-2.425192e+01	-4.922401e+02
6.360000e-06	-4.454644e-09	-1.744886e-09	-2.449988e+01	-5.016351e+02
6.370000e-06	-4.499378e-09	-1.777133e-09	-2.474604e+01	-5.108547e+02
6.380000e-06	-4.543847e-09	-1.807907e-09	-2.499072e+01	-5.196865e+02
6.390000e-06	-4.588107e-09	-1.837851e-09	-2.523422e+01	-5.282851e+02
6.400000e-06	-4.632207e-09	-1.867438e-09	-2.547686e+01	-5.367757e+02
6.410000e-06	-4.676141e-09	-1.896458e-09	-2.571856e+01	-5.451146e+02
6.420000e-06	-4.719843e-09	-1.925049e-09	-2.595894e+01	-5.533336e+02
6.430000e-06	-4.763218e-09	-1.952946e-09	-2.619751e+01	-5.613551e+02
6.440000e-06	-4.806228e-09	-1.980467e-09	-2.643408e+01	-5.692470e+02
6.450000e-06	-4.848880e-09	-2.008077e-09	-2.666871e+01	-5.771322e+02
6.460000e-06	-4.891199e-09	-2.034980e-09	-2.690152e+01	-5.848196e+02
6.470000e-06	-4.933213e-09	-2.060456e-09	-2.713261e+01	-5.921292e+02
6.480000e-06	-4.974883e-09	-2.084940e-09	-2.736182e+01	-5.991711e+02
6.490000e-06	-5.016167e-09	-2.108939e-09	-2.758897e+01	-6.060747e+02
6.500000e-06	-5.057066e-09	-2.132618e-09	-2.781397e+01	-6.128820e+02
6.510000e-06	-5.097623e-09	-2.155826e-09	-2.803708e+01	-6.195455e+02
6.520000e-06	-5.137925e-09	-2.178476e-09	-2.825883e+01	-6.260409e+02
6.530000e-06	-5.178033e-09	-2.200724e-09	-2.847951e+01	-6.324147e+02
6.540000e-06	-5.217928e-09	-2.222954e-09	-2.869903e+01	-6.387681e+02
6.550000e-06	-5.257543e-09	-2.245227e-09	-2.891702e+01	-6.451202e+02
6.560000e-06	-5.296757e-09	-2.266960e-09	-2.913273e+01	-6.513261e+02
6.570000e-06	-5.335425e-09	-2.287830e-09	-2.934541e+01	-6.573003e+02
6.580000e-06	-5.373466e-09	-2.307862e-09	-2.955471e+01	-6.630447e+02
6.590000e-06	-5.410892e-09	-2.327134e-09	-2.976062e+01	-6.685826e+02
6.600000e-06	-5.447786e-09	-2.346459e-09	-2.996357e+01	-6.741215e+02
6.610000e-06	-5.484268e-09	-2.366214e-09	-3.016430e+01	-6.797594e+02
6.620000e-06	-5.520472e-09	-2.385683e-09	-3.036351e+01	-6.853254e+02
6.630000e-06	-5.556456e-09	-2.404560e-09	-3.056148e+01	-6.907370e+02
6.640000e-06	-5.592162e-09	-2.423098e-09	-3.075792e+01	-6.960433e+02
6.650000e-06	-5.627478e-09	-2.441319e-09	-3.095220e+01	-7.012511e+02
6.660000e-06	-5.662368e-09	-2.459188e-09	-3.114414e+01	-7.063504e+02
6.670000e-06	-5.696864e-09	-2.476469e-09	-3.133393e+01	-7.112878e+02
6.680000e-06	-5.730974e-09	-2.492953e-09	-3.152157e+01	-7.160225e+02
6.690000e-06	-5.764675e-09	-2.509196e-09	-3.170698e+01	-7.206863e+02
6.700000e-06	-5.797950e-09	-2.525526e-09	-3.189000e+01	-7.253685e+02
6.710000e-06	-5.830793e-09	-2.542036e-09	-3.207062e+01	-7.300973e+02
6.720000e-06	-5.863268e-09	-2.558430e-09	-3.224928e+01	-7.347830e+02
6.730000e-06	-5.895461e-09	-2.573806e-09	-3.242640e+01	-7.391922e+02
6.740000e-06	-5.927360e-09	-2.588058e-09	-3.260188e+01	-7.432915e+02
6.750000e-06	-5.958850e-09	-2.602020e-09	-3.277510e+01	-7.472888e+02
6.760000e-06	-5.989787e-09	-2.616343e-09	-3.294525e+01	-7.513661e+02
6.770000e-06	-6.020072e-09	-2.630451e-09	-3.311175e+01	-7.553819e+02
6.780000e-06	-6.049666e-09	-2.643675e-09	-3.327449e+01	-7.591651e+02
6.790000e-06	-6.078653e-09	-2.656296e-09	-3.343390e+01	-7.628020e+02
6.800000e-06	-6.107201e-09	-2.669158e-09	-3.359090e+01	-7.664988e+02
6.810000e-06	-6.135446e-09	-2.682683e-09	-3.374627e+01	-7.703452e+02
6.820000e-06	-6.163442e-09	-2.695614e-09	-3.390029e+01	-7.740251e+02
6.830000e-06	-6.191113e-09	-2.707091e-09	-3.405253e+01	-7.773171e+02
6.840000e-06	-6.218342e-09	-2.717549e-09	-3.420233e+01	-7.803265e+02
6.850000e-06	-6.245093e-09	-2.728066e-09	-3.434950e+01	-7.833320e+02
6.860000e-06	-6.271401e-09	-2.739301e-09	-3.449422e+01	-7.865154e+02
6.870000e-06	-6.297273e-09	-2.750045e-09	-3.463652e+01	-7.895877e+02
6.880000e-06	-6.322667e-09	-2.759745e-09	-3.477622e+01	-7.924016e+02
6.890000e-06	-6.347578e-09	-2.769488e-09	-3.491330e+01	-7.952067e+02
6.900000e-06	-6.372100e-09	-2.779434e-09	-3.504820e+01	-7.980458e+02
6.910000e-06	-6.396336e-09	-2.789122e-09	-3.518153e+01	-8.008151e+02
6.920000e-06	-6.420304e-09	-2.798538e-09	-3.531344e+01	-8.035058e+02
6.930000e-06	-6.443905e-09	-2.807145e-09	-3.544328e+01	-8.059757e+02
6.940000e-06	-6.466961e-09	-2.814832e-09	-3.557004e+01	-8.081986e+02
6.950000e-06	-6.489336e-09	-2.822597e-09	-3.569304e+01	-8.104374e+02
6.960000e-06	-6.510983e-09	-2.831343e-09	-3.581206e+01	-8.129284e+02
6.970000e-06	-6.531981e-09	-2.840548e-09	-3.592754e+01	-8.155474e+02
6.980000e-06	-6.552512e-09	-2.849092e-09	-3.604048e+01	-8.179965e+02
6.990000e-06	-6.572733e-09	-2.857011e-09	-3.615171e+01	-8.202679e+02
7.000000e-06	-6.592664e-09	-2.864693e-09	-3.626135e+01	-8.224637e+02
7.010000e-06	-6.612195e-09	-2.872240e-09	-3.636883e+01	-8.246084e+02
7.020000e-06	-6.631240e-09	-2.879611e-09	-3.647362e+01	-8.267096e+02
7.030000e-06	-6.649830e-09	-2.886502e-09	-3.657587e+01	-8.286935e+02
7.040000e-06	-6.667997e-09	-2.893172e-09	-3.667583e+01	-8.306057e+02
7.050000e-06	-6.685714e-09	-2.900277e-09	-3.677333e+01	-8.326203e+02
7.060000e-06	-6.702942e-09	-2.907495e-09	-3.686813e+01	-8.346710e+02
7.070000e-06	-6.719700e-09	-2.914027e-09	-3.696036e+01	-8.365488e+02
7.080000e-06	-6.736106e-09	-2.919887e-09	-3.705062e+01	-8.382433e+02
7.090000e-06	-6.752235e-09	-2.925428e-09	-3.713939e+01	-8.398461e+02
7.100000e-06	-6.768000e-09	-2.931099e-09	-3.722615e+01	-8.414690e+02
7.110000e-06	-6.783167e-09	-2.937152e-09	-3.730959e+01	-8.431821e+02
7.120000e-06	-6.797558e-09	-2.942973e-09	-3.738872e+01	-8.448393e+02
7.130000e-06	-6.811145e-09	-2.948291e-09	-3.746341e+01	-8.463615e+02
7.140000e-06	-6.824059e-09	-2.953072e-09	-3.753443e+01	-8.477351e+02
7.150000e-06	-6.836484e-09	-2.957571e-09	-3.760276e+01	-8.490306e+02
7.160000e-06	-6.848460e-09	-2.962310e-09	-3.766865e+01	-8.503926e+02
7.170000e-06	-6.859934e-09	-2.967182e-09	-3.773178e+01	-8.517968e+02
7.180000e-06	-6.870878e-09	-2.972064e-09	-3.779198e+01	-8.532011e+02
7.190000e-06	-6.881360e-09	-2.976886e-09	-3.784965e+01	-8.545743e+02
7.200000e-06	-6.891417e-09	-2.981325e-09	-3.790501e+01	-8.558219e+02
7.210000e-06	-6.900986e-09	-2.985233e-09	-3.795769e+01	-8.569262e+02
7.220000e-06	-6.910039e-09	-2.988766e-09	-3.800753e+01	-8.579449e+02
7.230000e-06	-6.918661e-09	-2.991919e-09	-3.805500e+01	-8.588697e+02
7.240000e-06	-6.926962e-09	-2.994812e-09	-3.810071e+01	-8.597211e+02
7.250000e-06	-6.934970e-09	-2.998098e-09	-3.814481e+01	-8.606558e+02
7.260000e-06	-6.942576e-09	-3.001833e-09	-3.818667e+01	-8.616967e+02
7.270000e-06	-6.949577e-09	-3.005350e-09	-3.822516e+01	-8.626893e+02
7.280000e-06	-6.955815e-09	-3.008594e-09	-3.825946e+01	-8.636144e+02
7.290000e-06	-6.961273e-09	-3.011423e-09	-3.828947e+01	-8.644245e+02
7.300000e-06	-6.966096e-09	-3.013415e-09	-3.831600e+01	-8.650020e+02
7.310000e-06	-6.970502e-09	-3.015291e-09	-3.834024e+01	-8.655367e+02
7.320000e-06	-6.974594e-09	-3.017507e-09	-3.836277e+01	-8.661622e+02
7.330000e-06	-6.978334e-09	-3.019555e-09	-3.838336e+01	-8.667573e+02
7.340000e-06	-6.981607e-09	-3.021690e-09	-3.840137e+01	-8.673702e+02
7.350000e-06	-6.984380e-09	-3.023880e-09	-3.841666e+01	-8.679773e+02
7.360000e-06	-6.986727e-09	-3.025805e-09	-3.842960e+01	-8.685003e+02
7.370000e-06	-6.988668e-09	-3.027177e-09	-3.844033e+01	-8.688864e+02
7.380000e-06	-6.990052e-09	-3.027767e-09	-3.844807e+01	-8.690773e+02
7.390000e-06	-6.990886e-09	-3.028371e-09	-3.845278e+01	-8.692541e+02
