# Temperatura_=_21.287878787878785
# Concentracion g/m^3_=_10000.0
# C_Vs_to_Am_M_A/Vsm_=_254322799225.57578
# pendiente_HvsI_1/m_=_3716.3
# ordenada_HvsI_A/m_=_1297.0
# frecuencia_Hz_=_135176.3509935618
# Promedio de 33 ciclos

Tiempo_(s)	Campo_(V.s)	Magnetizacion_(V.s)	Campo_(kA/m)	Magnetizacion_(A/m)
0.000000e+00	-6.979982e-09	-2.367855e-09	-3.843418e+01	-6.786615e+02
1.000000e-08	-6.980153e-09	-2.368066e-09	-3.843516e+01	-6.787251e+02
2.000000e-08	-6.979971e-09	-2.367737e-09	-3.843422e+01	-6.786354e+02
3.000000e-08	-6.979295e-09	-2.367552e-09	-3.843063e+01	-6.785828e+02
4.000000e-08	-6.977935e-09	-2.367940e-09	-3.842337e+01	-6.786892e+02
5.000000e-08	-6.975810e-09	-2.368537e-09	-3.841188e+01	-6.788603e+02
6.000000e-08	-6.973004e-09	-2.368565e-09	-3.839657e+01	-6.788478e+02
7.000000e-08	-6.969674e-09	-2.367163e-09	-3.837834e+01	-6.783879e+02
8.000000e-08	-6.965891e-09	-2.363903e-09	-3.835760e+01	-6.774320e+02
9.000000e-08	-6.961551e-09	-2.366479e-09	-3.833382e+01	-6.785439e+02
1.000000e-07	-6.956502e-09	-2.378336e-09	-3.830614e+01	-6.823740e+02
1.100000e-07	-6.950893e-09	-2.375105e-09	-3.827528e+01	-6.807799e+02
1.200000e-07	-6.945045e-09	-2.349085e-09	-3.824309e+01	-6.722532e+02
1.300000e-07	-6.938982e-09	-2.348596e-09	-3.820980e+01	-6.730669e+02
1.400000e-07	-6.932415e-09	-2.382172e-09	-3.817378e+01	-6.840647e+02
1.500000e-07	-6.925242e-09	-2.381780e-09	-3.813439e+01	-6.827514e+02
1.600000e-07	-6.917698e-09	-2.341604e-09	-3.809292e+01	-6.698006e+02
1.700000e-07	-6.909877e-09	-2.341903e-09	-3.804999e+01	-6.713506e+02
1.800000e-07	-6.901571e-09	-2.385273e-09	-3.800439e+01	-6.852389e+02
1.900000e-07	-6.892625e-09	-2.383395e-09	-3.795530e+01	-6.829737e+02
2.000000e-07	-6.883185e-09	-2.337760e-09	-3.790348e+01	-6.684961e+02
2.100000e-07	-6.873269e-09	-2.341317e-09	-3.784903e+01	-6.713118e+02
2.200000e-07	-6.862641e-09	-2.381994e-09	-3.779067e+01	-6.841257e+02
2.300000e-07	-6.851288e-09	-2.369211e-09	-3.772824e+01	-6.785325e+02
2.400000e-07	-6.839423e-09	-2.331845e-09	-3.766295e+01	-6.671155e+02
2.500000e-07	-6.827068e-09	-2.351370e-09	-3.759497e+01	-6.747396e+02
2.600000e-07	-6.814102e-09	-2.377775e-09	-3.752365e+01	-6.824711e+02
2.700000e-07	-6.800566e-09	-2.348084e-09	-3.744925e+01	-6.720352e+02
2.800000e-07	-6.786521e-09	-2.328847e-09	-3.737203e+01	-6.670036e+02
2.900000e-07	-6.771808e-09	-2.354427e-09	-3.729113e+01	-6.758247e+02
3.000000e-07	-6.756307e-09	-2.351469e-09	-3.720585e+01	-6.738375e+02
3.100000e-07	-6.740185e-09	-2.322790e-09	-3.711715e+01	-6.647736e+02
3.200000e-07	-6.723582e-09	-2.339424e-09	-3.702586e+01	-6.712051e+02
3.300000e-07	-6.706553e-09	-2.358388e-09	-3.693214e+01	-6.766476e+02
3.400000e-07	-6.689174e-09	-2.325447e-09	-3.683647e+01	-6.653167e+02
3.500000e-07	-6.671430e-09	-2.312128e-09	-3.673883e+01	-6.622212e+02
3.600000e-07	-6.653182e-09	-2.345562e-09	-3.663844e+01	-6.734305e+02
3.700000e-07	-6.634382e-09	-2.340967e-09	-3.653499e+01	-6.707495e+02
3.800000e-07	-6.615143e-09	-2.306862e-09	-3.642909e+01	-6.600070e+02
3.900000e-07	-6.595561e-09	-2.319774e-09	-3.632131e+01	-6.654327e+02
4.000000e-07	-6.575660e-09	-2.338356e-09	-3.621178e+01	-6.709276e+02
4.100000e-07	-6.555419e-09	-2.312657e-09	-3.610041e+01	-6.619226e+02
4.200000e-07	-6.534744e-09	-2.302820e-09	-3.598671e+01	-6.596424e+02
4.300000e-07	-6.513573e-09	-2.321355e-09	-3.587028e+01	-6.660527e+02
4.400000e-07	-6.491951e-09	-2.310728e-09	-3.575134e+01	-6.619903e+02
4.500000e-07	-6.469910e-09	-2.294086e-09	-3.563008e+01	-6.569546e+02
4.600000e-07	-6.447394e-09	-2.307317e-09	-3.550620e+01	-6.618800e+02
4.700000e-07	-6.424383e-09	-2.306544e-09	-3.537957e+01	-6.612531e+02
4.800000e-07	-6.400981e-09	-2.286444e-09	-3.525078e+01	-6.546858e+02
4.900000e-07	-6.377276e-09	-2.289886e-09	-3.512033e+01	-6.564658e+02
5.000000e-07	-6.353252e-09	-2.294939e-09	-3.498811e+01	-6.581190e+02
5.100000e-07	-6.328807e-09	-2.279071e-09	-3.485359e+01	-6.527852e+02
5.200000e-07	-6.303745e-09	-2.276373e-09	-3.471574e+01	-6.523309e+02
5.300000e-07	-6.277907e-09	-2.283911e-09	-3.457368e+01	-6.550196e+02
5.400000e-07	-6.251339e-09	-2.272992e-09	-3.442760e+01	-6.513704e+02
5.500000e-07	-6.224189e-09	-2.264508e-09	-3.427824e+01	-6.488592e+02
5.600000e-07	-6.196645e-09	-2.268423e-09	-3.412661e+01	-6.504080e+02
5.700000e-07	-6.168826e-09	-2.261239e-09	-3.397346e+01	-6.481238e+02
5.800000e-07	-6.140719e-09	-2.251815e-09	-3.381876e+01	-6.452593e+02
5.900000e-07	-6.112239e-09	-2.253425e-09	-3.366204e+01	-6.460002e+02
6.000000e-07	-6.083317e-09	-2.248592e-09	-3.350289e+01	-6.445248e+02
6.100000e-07	-6.053957e-09	-2.240094e-09	-3.334133e+01	-6.419769e+02
6.200000e-07	-6.024218e-09	-2.241140e-09	-3.317768e+01	-6.424790e+02
6.300000e-07	-5.994106e-09	-2.237218e-09	-3.301197e+01	-6.412708e+02
6.400000e-07	-5.963562e-09	-2.225683e-09	-3.284386e+01	-6.378334e+02
6.500000e-07	-5.932573e-09	-2.222828e-09	-3.267330e+01	-6.372038e+02
6.600000e-07	-5.901208e-09	-2.221881e-09	-3.250063e+01	-6.369487e+02
6.700000e-07	-5.869551e-09	-2.214021e-09	-3.232634e+01	-6.345667e+02
6.800000e-07	-5.837634e-09	-2.209104e-09	-3.215062e+01	-6.332459e+02
6.900000e-07	-5.805362e-09	-2.206317e-09	-3.197299e+01	-6.324492e+02
7.000000e-07	-5.772589e-09	-2.198763e-09	-3.179264e+01	-6.301864e+02
7.100000e-07	-5.739160e-09	-2.193101e-09	-3.160873e+01	-6.286497e+02
7.200000e-07	-5.705052e-09	-2.190628e-09	-3.142114e+01	-6.279931e+02
7.300000e-07	-5.670390e-09	-2.184212e-09	-3.123046e+01	-6.260563e+02
7.400000e-07	-5.635279e-09	-2.176847e-09	-3.103723e+01	-6.239922e+02
7.500000e-07	-5.599820e-09	-2.172594e-09	-3.084202e+01	-6.228675e+02
7.600000e-07	-5.564092e-09	-2.167693e-09	-3.064531e+01	-6.214103e+02
7.700000e-07	-5.528083e-09	-2.161231e-09	-3.044711e+01	-6.195277e+02
7.800000e-07	-5.491722e-09	-2.155596e-09	-3.024695e+01	-6.179796e+02
7.900000e-07	-5.454955e-09	-2.149855e-09	-3.004458e+01	-6.163318e+02
8.000000e-07	-5.417792e-09	-2.143622e-09	-2.984003e+01	-6.145135e+02
8.100000e-07	-5.380257e-09	-2.138251e-09	-2.963343e+01	-6.129896e+02
8.200000e-07	-5.342331e-09	-2.133219e-09	-2.942468e+01	-6.115638e+02
8.300000e-07	-5.303978e-09	-2.127053e-09	-2.921358e+01	-6.097987e+02
8.400000e-07	-5.265183e-09	-2.119807e-09	-2.900005e+01	-6.077443e+02
8.500000e-07	-5.226021e-09	-2.112628e-09	-2.878447e+01	-6.057044e+02
8.600000e-07	-5.186591e-09	-2.106605e-09	-2.856740e+01	-6.039747e+02
8.700000e-07	-5.146953e-09	-2.100901e-09	-2.834917e+01	-6.023379e+02
8.800000e-07	-5.107112e-09	-2.094264e-09	-2.812976e+01	-6.004653e+02
8.900000e-07	-5.067021e-09	-2.086800e-09	-2.790898e+01	-5.983524e+02
9.000000e-07	-5.026592e-09	-2.079296e-09	-2.768644e+01	-5.961869e+02
9.100000e-07	-4.985682e-09	-2.072080e-09	-2.746127e+01	-5.941005e+02
9.200000e-07	-4.944165e-09	-2.065534e-09	-2.723275e+01	-5.922420e+02
9.300000e-07	-4.902017e-09	-2.059021e-09	-2.700075e+01	-5.904135e+02
9.400000e-07	-4.859331e-09	-2.051570e-09	-2.676570e+01	-5.882926e+02
9.500000e-07	-4.816216e-09	-2.043989e-09	-2.652828e+01	-5.861162e+02
9.600000e-07	-4.772776e-09	-2.037165e-09	-2.628907e+01	-5.841600e+02
9.700000e-07	-4.729112e-09	-2.030425e-09	-2.604862e+01	-5.822428e+02
9.800000e-07	-4.685232e-09	-2.022754e-09	-2.580701e+01	-5.800572e+02
9.900000e-07	-4.641099e-09	-2.014289e-09	-2.556400e+01	-5.776260e+02
1.000000e-06	-4.596682e-09	-2.005941e-09	-2.531945e+01	-5.752063e+02
1.010000e-06	-4.551971e-09	-1.998616e-09	-2.507330e+01	-5.731027e+02
1.020000e-06	-4.506951e-09	-1.991860e-09	-2.482549e+01	-5.711968e+02
1.030000e-06	-4.461611e-09	-1.984172e-09	-2.457592e+01	-5.690222e+02
1.040000e-06	-4.415961e-09	-1.975504e-09	-2.432457e+01	-5.665502e+02
1.050000e-06	-4.370006e-09	-1.967178e-09	-2.407156e+01	-5.641723e+02
1.060000e-06	-4.323743e-09	-1.959138e-09	-2.381691e+01	-5.618707e+02
1.070000e-06	-4.277136e-09	-1.950633e-09	-2.356036e+01	-5.594386e+02
1.080000e-06	-4.230194e-09	-1.941720e-09	-2.330195e+01	-5.568979e+02
1.090000e-06	-4.182979e-09	-1.932695e-09	-2.304201e+01	-5.543154e+02
1.100000e-06	-4.135508e-09	-1.923913e-09	-2.278065e+01	-5.517803e+02
1.110000e-06	-4.087824e-09	-1.915828e-09	-2.251811e+01	-5.494799e+02
1.120000e-06	-4.039972e-09	-1.907681e-09	-2.225463e+01	-5.472002e+02
1.130000e-06	-3.991911e-09	-1.898457e-09	-2.199003e+01	-5.445936e+02
1.140000e-06	-3.943578e-09	-1.888452e-09	-2.172402e+01	-5.417244e+02
1.150000e-06	-3.894930e-09	-1.878857e-09	-2.145635e+01	-5.389610e+02
1.160000e-06	-3.845908e-09	-1.869965e-09	-2.118664e+01	-5.364170e+02
1.170000e-06	-3.796435e-09	-1.861248e-09	-2.091447e+01	-5.339384e+02
1.180000e-06	-3.746484e-09	-1.852325e-09	-2.063967e+01	-5.314043e+02
1.190000e-06	-3.696073e-09	-1.842835e-09	-2.036232e+01	-5.286983e+02
1.200000e-06	-3.645257e-09	-1.833097e-09	-2.008271e+01	-5.259002e+02
1.210000e-06	-3.594086e-09	-1.823773e-09	-1.980111e+01	-5.232339e+02
1.220000e-06	-3.542610e-09	-1.814413e-09	-1.951777e+01	-5.205862e+02
1.230000e-06	-3.490887e-09	-1.804367e-09	-1.923305e+01	-5.177340e+02
1.240000e-06	-3.438927e-09	-1.794027e-09	-1.894706e+01	-5.147777e+02
1.250000e-06	-3.386731e-09	-1.784055e-09	-1.865981e+01	-5.119299e+02
1.260000e-06	-3.334327e-09	-1.773966e-09	-1.837144e+01	-5.090537e+02
1.270000e-06	-3.281678e-09	-1.763475e-09	-1.808169e+01	-5.060487e+02
1.280000e-06	-3.228780e-09	-1.753144e-09	-1.779055e+01	-5.030929e+02
1.290000e-06	-3.175662e-09	-1.742683e-09	-1.749820e+01	-5.000878e+02
1.300000e-06	-3.122320e-09	-1.732168e-09	-1.720462e+01	-4.970573e+02
1.310000e-06	-3.068772e-09	-1.722361e-09	-1.690989e+01	-4.942653e+02
1.320000e-06	-3.015039e-09	-1.712612e-09	-1.661409e+01	-4.915209e+02
1.330000e-06	-2.961117e-09	-1.701688e-09	-1.631724e+01	-4.884286e+02
1.340000e-06	-2.906979e-09	-1.689807e-09	-1.601924e+01	-4.850371e+02
1.350000e-06	-2.852610e-09	-1.677878e-09	-1.572004e+01	-4.816069e+02
1.360000e-06	-2.797999e-09	-1.666253e-09	-1.541955e+01	-4.782602e+02
1.370000e-06	-2.743161e-09	-1.654944e-09	-1.511778e+01	-4.750098e+02
1.380000e-06	-2.688138e-09	-1.644059e-09	-1.481495e+01	-4.719019e+02
1.390000e-06	-2.632946e-09	-1.633171e-09	-1.451111e+01	-4.688039e+02
1.400000e-06	-2.577596e-09	-1.621808e-09	-1.420639e+01	-4.655596e+02
1.410000e-06	-2.522119e-09	-1.609903e-09	-1.390098e+01	-4.621713e+02
1.420000e-06	-2.466541e-09	-1.597419e-09	-1.359494e+01	-4.586234e+02
1.430000e-06	-2.410859e-09	-1.584434e-09	-1.328831e+01	-4.549075e+02
1.440000e-06	-2.355080e-09	-1.571844e-09	-1.298118e+01	-4.512909e+02
1.450000e-06	-2.299223e-09	-1.560053e-09	-1.267363e+01	-4.479043e+02
1.460000e-06	-2.243274e-09	-1.548348e-09	-1.236559e+01	-4.445530e+02
1.470000e-06	-2.187213e-09	-1.536103e-09	-1.205696e+01	-4.410573e+02
1.480000e-06	-2.131032e-09	-1.523348e-09	-1.174771e+01	-4.374175e+02
1.490000e-06	-2.074680e-09	-1.510162e-09	-1.143756e+01	-4.336581e+02
1.500000e-06	-2.018142e-09	-1.496827e-09	-1.112638e+01	-4.298446e+02
1.510000e-06	-1.961420e-09	-1.483643e-09	-1.081425e+01	-4.260780e+02
1.520000e-06	-1.904513e-09	-1.470292e-09	-1.050111e+01	-4.222694e+02
1.530000e-06	-1.847416e-09	-1.457027e-09	-1.018692e+01	-4.184815e+02
1.540000e-06	-1.790112e-09	-1.443819e-09	-9.871643e+00	-4.147174e+02
1.550000e-06	-1.732619e-09	-1.430158e-09	-9.555384e+00	-4.108122e+02
1.560000e-06	-1.674934e-09	-1.416170e-09	-9.238046e+00	-4.068000e+02
1.570000e-06	-1.617058e-09	-1.402079e-09	-8.919595e+00	-4.027733e+02
1.580000e-06	-1.558973e-09	-1.387912e-09	-8.600000e+00	-3.987339e+02
1.590000e-06	-1.500680e-09	-1.373902e-09	-8.279205e+00	-3.947319e+02
1.600000e-06	-1.442209e-09	-1.359666e-09	-7.957392e+00	-3.906582e+02
1.610000e-06	-1.383558e-09	-1.344804e-09	-7.634612e+00	-3.864065e+02
1.620000e-06	-1.324741e-09	-1.329651e-09	-7.310904e+00	-3.820703e+02
1.630000e-06	-1.265783e-09	-1.314471e-09	-6.986415e+00	-3.777282e+02
1.640000e-06	-1.206707e-09	-1.299380e-09	-6.661229e+00	-3.734224e+02
1.650000e-06	-1.147521e-09	-1.284149e-09	-6.335401e+00	-3.690762e+02
1.660000e-06	-1.088255e-09	-1.268432e-09	-6.009098e+00	-3.645796e+02
1.670000e-06	-1.028932e-09	-1.252245e-09	-5.682448e+00	-3.599450e+02
1.680000e-06	-9.695477e-10	-1.235800e-09	-5.355460e+00	-3.552361e+02
1.690000e-06	-9.101172e-10	-1.219449e-09	-5.028204e+00	-3.505494e+02
1.700000e-06	-8.506465e-10	-1.203176e-09	-4.700741e+00	-3.458771e+02
1.710000e-06	-7.911302e-10	-1.186552e-09	-4.373033e+00	-3.411123e+02
1.720000e-06	-7.315705e-10	-1.169359e-09	-4.045062e+00	-3.361915e+02
1.730000e-06	-6.719718e-10	-1.152087e-09	-3.716852e+00	-3.312461e+02
1.740000e-06	-6.123479e-10	-1.134911e-09	-3.388505e+00	-3.263371e+02
1.750000e-06	-5.527040e-10	-1.117469e-09	-3.060045e+00	-3.213447e+02
1.760000e-06	-4.930400e-10	-1.099636e-09	-2.731456e+00	-3.162283e+02
1.770000e-06	-4.333534e-10	-1.081356e-09	-2.402723e+00	-3.109919e+02
1.780000e-06	-3.736440e-10	-1.062988e-09	-2.073898e+00	-3.057346e+02
1.790000e-06	-3.139233e-10	-1.044528e-09	-1.745029e+00	-3.004411e+02
1.800000e-06	-2.541987e-10	-1.025667e-09	-1.416107e+00	-2.950281e+02
1.810000e-06	-1.944711e-10	-1.006540e-09	-1.087157e+00	-2.895396e+02
1.820000e-06	-1.347439e-10	-9.872185e-10	-7.582290e-01	-2.840028e+02
1.830000e-06	-7.501766e-11	-9.677594e-10	-4.293349e-01	-2.784377e+02
1.840000e-06	-1.529346e-11	-9.482266e-10	-1.004592e-01	-2.728474e+02
1.850000e-06	4.443246e-11	-9.284759e-10	2.284580e-01	-2.671793e+02
1.860000e-06	1.041601e-10	-9.083642e-10	5.574018e-01	-2.614119e+02
1.870000e-06	1.638761e-10	-8.877912e-10	8.862813e-01	-2.555195e+02
1.880000e-06	2.235922e-10	-8.668277e-10	1.215160e+00	-2.495096e+02
1.890000e-06	2.833121e-10	-8.456175e-10	1.544040e+00	-2.434212e+02
1.900000e-06	3.430207e-10	-8.244213e-10	1.872833e+00	-2.373312e+02
1.910000e-06	4.027122e-10	-8.032431e-10	2.201536e+00	-2.312461e+02
1.920000e-06	4.623861e-10	-7.817723e-10	2.530149e+00	-2.250809e+02
1.930000e-06	5.220456e-10	-7.600063e-10	2.858664e+00	-2.188477e+02
1.940000e-06	5.816921e-10	-7.380533e-10	3.187094e+00	-2.125753e+02
1.950000e-06	6.412995e-10	-7.158148e-10	3.515340e+00	-2.062122e+02
1.960000e-06	7.008576e-10	-6.931054e-10	3.843358e+00	-1.996973e+02
1.970000e-06	7.603798e-10	-6.700620e-10	4.171183e+00	-1.930783e+02
1.980000e-06	8.198564e-10	-6.471174e-10	4.498741e+00	-1.864960e+02
1.990000e-06	8.792824e-10	-6.243264e-10	4.826008e+00	-1.799662e+02
2.000000e-06	9.386681e-10	-6.015081e-10	5.153032e+00	-1.734266e+02
2.010000e-06	9.979956e-10	-5.784434e-10	5.479701e+00	-1.668216e+02
2.020000e-06	1.057264e-09	-5.545577e-10	5.806045e+00	-1.599931e+02
2.030000e-06	1.116464e-09	-5.298539e-10	6.132035e+00	-1.529292e+02
2.040000e-06	1.175578e-09	-5.049288e-10	6.457528e+00	-1.457923e+02
2.050000e-06	1.234599e-09	-4.798883e-10	6.782450e+00	-1.386120e+02
2.060000e-06	1.293510e-09	-4.549948e-10	7.106782e+00	-1.314582e+02
2.070000e-06	1.352288e-09	-4.300379e-10	7.430423e+00	-1.242914e+02
2.080000e-06	1.410906e-09	-4.044347e-10	7.753164e+00	-1.169452e+02
2.090000e-06	1.469360e-09	-3.785163e-10	8.074966e+00	-1.095015e+02
2.100000e-06	1.527624e-09	-3.523082e-10	8.395684e+00	-1.019833e+02
2.110000e-06	1.585690e-09	-3.255374e-10	8.715307e+00	-9.431226e+01
2.120000e-06	1.643532e-09	-2.981398e-10	9.033717e+00	-8.646221e+01
2.130000e-06	1.701155e-09	-2.702669e-10	9.350904e+00	-7.847158e+01
2.140000e-06	1.758594e-09	-2.422194e-10	9.667047e+00	-7.042281e+01
2.150000e-06	1.815830e-09	-2.140773e-10	9.982083e+00	-6.234619e+01
2.160000e-06	1.872871e-09	-1.858771e-10	1.029608e+01	-5.425023e+01
2.170000e-06	1.929726e-09	-1.573750e-10	1.060907e+01	-4.606164e+01
2.180000e-06	1.986405e-09	-1.281173e-10	1.092108e+01	-3.765071e+01
2.190000e-06	2.042917e-09	-9.808970e-11	1.123219e+01	-2.901451e+01
2.200000e-06	2.099260e-09	-6.763023e-11	1.154239e+01	-2.025695e+01
2.210000e-06	2.155455e-09	-3.696234e-11	1.185178e+01	-1.144832e+01
2.220000e-06	2.211515e-09	-5.866873e-12	1.216044e+01	-2.526817e+00
2.230000e-06	2.267444e-09	2.590239e-11	1.246840e+01	6.590102e+00
2.240000e-06	2.323268e-09	5.801790e-11	1.277579e+01	1.582036e+01
2.250000e-06	2.378992e-09	8.987497e-11	1.308266e+01	2.498450e+01
2.260000e-06	2.434606e-09	1.214979e-10	1.338894e+01	3.407447e+01
2.270000e-06	2.490109e-09	1.535314e-10	1.369460e+01	4.327624e+01
2.280000e-06	2.545479e-09	1.863774e-10	1.399956e+01	5.271769e+01
2.290000e-06	2.600700e-09	2.197634e-10	1.430370e+01	6.231612e+01
2.300000e-06	2.655776e-09	2.534367e-10	1.460703e+01	7.199302e+01
2.310000e-06	2.710695e-09	2.871055e-10	1.490945e+01	8.167226e+01
2.320000e-06	2.765414e-09	3.205241e-10	1.521073e+01	9.127928e+01
2.330000e-06	2.819931e-09	3.541468e-10	1.551092e+01	1.009418e+02
2.340000e-06	2.874250e-09	3.879531e-10	1.581002e+01	1.106641e+02
2.350000e-06	2.928369e-09	4.215888e-10	1.610803e+01	1.203478e+02
2.360000e-06	2.982308e-09	4.551867e-10	1.640508e+01	1.300149e+02
2.370000e-06	3.036027e-09	4.889262e-10	1.670094e+01	1.397048e+02
2.380000e-06	3.089532e-09	5.229246e-10	1.699560e+01	1.494715e+02
2.390000e-06	3.142817e-09	5.570834e-10	1.728904e+01	1.592992e+02
2.400000e-06	3.195855e-09	5.910809e-10	1.758110e+01	1.690873e+02
2.410000e-06	3.248644e-09	6.245101e-10	1.787181e+01	1.787097e+02
2.420000e-06	3.301178e-09	6.574068e-10	1.816112e+01	1.881468e+02
2.430000e-06	3.353473e-09	6.901496e-10	1.844903e+01	1.975122e+02
2.440000e-06	3.405539e-09	7.226311e-10	1.873574e+01	2.068247e+02
2.450000e-06	3.457387e-09	7.549829e-10	1.902131e+01	2.161317e+02
2.460000e-06	3.508988e-09	7.873112e-10	1.930551e+01	2.254451e+02
2.470000e-06	3.560296e-09	8.193736e-10	1.958814e+01	2.346747e+02
2.480000e-06	3.611308e-09	8.511687e-10	1.986912e+01	2.438125e+02
2.490000e-06	3.661954e-09	8.822534e-10	2.014807e+01	2.527365e+02
2.500000e-06	3.712150e-09	9.125956e-10	2.042453e+01	2.614324e+02
2.510000e-06	3.761904e-09	9.430070e-10	2.069853e+01	2.701596e+02
2.520000e-06	3.811211e-09	9.732289e-10	2.097003e+01	2.788436e+02
2.530000e-06	3.860082e-09	1.002995e-09	2.123910e+01	2.873864e+02
2.540000e-06	3.908587e-09	1.032449e-09	2.150619e+01	2.958450e+02
2.550000e-06	3.956805e-09	1.061232e-09	2.177174e+01	3.041167e+02
2.560000e-06	4.004796e-09	1.089501e-09	2.203604e+01	3.122462e+02
2.570000e-06	4.052589e-09	1.117378e-09	2.229927e+01	3.202605e+02
2.580000e-06	4.100186e-09	1.144953e-09	2.256143e+01	3.281832e+02
2.590000e-06	4.147568e-09	1.172399e-09	2.282247e+01	3.360669e+02
2.600000e-06	4.194692e-09	1.199355e-09	2.308209e+01	3.438031e+02
2.610000e-06	4.241512e-09	1.225697e-09	2.333998e+01	3.513605e+02
2.620000e-06	4.288006e-09	1.251521e-09	2.359607e+01	3.587602e+02
2.630000e-06	4.334169e-09	1.276860e-09	2.385035e+01	3.660090e+02
2.640000e-06	4.380032e-09	1.301969e-09	2.410297e+01	3.732003e+02
2.650000e-06	4.425605e-09	1.326948e-09	2.435399e+01	3.803795e+02
2.660000e-06	4.470889e-09	1.351695e-09	2.460348e+01	3.875027e+02
2.670000e-06	4.515871e-09	1.376079e-09	2.485129e+01	3.945115e+02
2.680000e-06	4.560531e-09	1.400108e-09	2.509734e+01	4.013982e+02
2.690000e-06	4.604892e-09	1.423571e-09	2.534175e+01	4.081060e+02
2.700000e-06	4.649004e-09	1.446141e-09	2.558475e+01	4.145618e+02
2.710000e-06	4.692913e-09	1.468233e-09	2.582660e+01	4.208901e+02
2.720000e-06	4.736625e-09	1.490390e-09	2.606742e+01	4.272370e+02
2.730000e-06	4.780136e-09	1.512578e-09	2.630716e+01	4.335940e+02
2.740000e-06	4.823379e-09	1.534280e-09	2.654541e+01	4.398014e+02
2.750000e-06	4.866200e-09	1.555492e-09	2.678133e+01	4.458639e+02
2.760000e-06	4.908489e-09	1.576664e-09	2.701437e+01	4.519375e+02
2.770000e-06	4.950192e-09	1.597779e-09	2.724413e+01	4.580087e+02
2.780000e-06	4.991291e-09	1.618545e-09	2.747054e+01	4.639748e+02
2.790000e-06	5.031866e-09	1.638546e-09	2.769408e+01	4.697162e+02
2.800000e-06	5.072047e-09	1.657481e-09	2.791547e+01	4.751438e+02
2.810000e-06	5.111949e-09	1.675857e-09	2.813533e+01	4.803951e+02
2.820000e-06	5.151636e-09	1.694420e-09	2.835401e+01	4.856926e+02
2.830000e-06	5.191082e-09	1.713117e-09	2.857138e+01	4.910348e+02
2.840000e-06	5.230221e-09	1.731297e-09	2.878708e+01	4.962428e+02
2.850000e-06	5.269020e-09	1.748876e-09	2.900088e+01	5.012872e+02
2.860000e-06	5.307446e-09	1.766098e-09	2.921260e+01	5.062356e+02
2.870000e-06	5.345473e-09	1.782928e-09	2.942214e+01	5.110746e+02
2.880000e-06	5.383104e-09	1.799023e-09	2.962953e+01	5.156887e+02
2.890000e-06	5.420373e-09	1.814189e-09	2.983489e+01	5.200092e+02
2.900000e-06	5.457270e-09	1.828951e-09	3.003815e+01	5.242109e+02
2.910000e-06	5.493774e-09	1.843731e-09	3.023928e+01	5.284314e+02
2.920000e-06	5.529949e-09	1.858639e-09	3.043858e+01	5.326970e+02
2.930000e-06	5.565848e-09	1.873295e-09	3.063635e+01	5.369043e+02
2.940000e-06	5.601509e-09	1.887275e-09	3.083283e+01	5.409139e+02
2.950000e-06	5.636909e-09	1.900755e-09	3.102788e+01	5.447856e+02
2.960000e-06	5.671922e-09	1.913797e-09	3.122079e+01	5.485401e+02
2.970000e-06	5.706399e-09	1.926498e-09	3.141077e+01	5.521787e+02
2.980000e-06	5.740243e-09	1.938944e-09	3.159726e+01	5.557289e+02
2.990000e-06	5.773447e-09	1.951079e-09	3.178020e+01	5.591871e+02
3.000000e-06	5.806065e-09	1.963231e-09	3.195990e+01	5.626534e+02
3.010000e-06	5.838228e-09	1.975413e-09	3.213713e+01	5.661405e+02
3.020000e-06	5.870089e-09	1.987275e-09	3.231271e+01	5.695505e+02
3.030000e-06	5.901686e-09	1.998739e-09	3.248685e+01	5.728490e+02
3.040000e-06	5.932965e-09	2.009914e-09	3.265925e+01	5.760666e+02
3.050000e-06	5.963837e-09	2.020858e-09	3.282942e+01	5.792111e+02
3.060000e-06	5.994269e-09	2.031643e-09	3.299714e+01	5.822845e+02
3.070000e-06	6.024267e-09	2.042348e-09	3.316246e+01	5.853191e+02
3.080000e-06	6.053843e-09	2.052791e-09	3.332545e+01	5.882799e+02
3.090000e-06	6.083011e-09	2.062941e-09	3.348624e+01	5.911793e+02
3.100000e-06	6.111788e-09	2.073014e-09	3.364489e+01	5.940905e+02
3.110000e-06	6.140182e-09	2.082741e-09	3.380138e+01	5.968963e+02
3.120000e-06	6.168242e-09	2.091981e-09	3.395600e+01	5.995338e+02
3.130000e-06	6.196056e-09	2.101390e-09	3.410926e+01	6.022153e+02
3.140000e-06	6.223602e-09	2.111020e-09	3.426109e+01	6.049639e+02
3.150000e-06	6.250744e-09	2.120470e-09	3.441069e+01	6.076678e+02
3.160000e-06	6.277294e-09	2.129363e-09	3.455705e+01	6.102166e+02
3.170000e-06	6.303117e-09	2.137497e-09	3.469945e+01	6.125344e+02
3.180000e-06	6.328188e-09	2.145461e-09	3.483767e+01	6.147994e+02
3.190000e-06	6.352629e-09	2.153647e-09	3.497236e+01	6.171459e+02
3.200000e-06	6.376623e-09	2.162212e-09	3.510460e+01	6.196158e+02
3.210000e-06	6.400263e-09	2.170949e-09	3.523491e+01	6.221340e+02
3.220000e-06	6.423517e-09	2.179345e-09	3.536307e+01	6.245346e+02
3.230000e-06	6.446314e-09	2.187164e-09	3.548873e+01	6.267616e+02
3.240000e-06	6.468662e-09	2.194426e-09	3.561193e+01	6.288390e+02
3.250000e-06	6.490599e-09	2.201468e-09	3.573284e+01	6.308565e+02
3.260000e-06	6.512121e-09	2.208453e-09	3.585145e+01	6.328569e+02
3.270000e-06	6.533203e-09	2.215342e-09	3.596768e+01	6.348131e+02
3.280000e-06	6.553827e-09	2.222389e-09	3.608141e+01	6.368087e+02
3.290000e-06	6.574039e-09	2.229697e-09	3.619285e+01	6.389072e+02
3.300000e-06	6.593941e-09	2.236987e-09	3.630254e+01	6.410302e+02
3.310000e-06	6.613564e-09	2.243736e-09	3.641071e+01	6.429938e+02
3.320000e-06	6.632813e-09	2.249861e-09	3.651684e+01	6.447378e+02
3.330000e-06	6.651563e-09	2.255667e-09	3.662023e+01	6.463644e+02
3.340000e-06	6.669742e-09	2.261449e-09	3.672050e+01	6.479941e+02
3.350000e-06	6.687367e-09	2.267439e-09	3.681767e+01	6.497058e+02
3.360000e-06	6.704541e-09	2.273393e-09	3.691231e+01	6.514257e+02
3.370000e-06	6.721330e-09	2.279255e-09	3.700488e+01	6.531148e+02
3.380000e-06	6.737725e-09	2.284869e-09	3.709531e+01	6.547226e+02
3.390000e-06	6.753635e-09	2.289724e-09	3.718305e+01	6.561165e+02
3.400000e-06	6.768929e-09	2.294314e-09	3.726745e+01	6.574408e+02
3.410000e-06	6.783579e-09	2.299325e-09	3.734827e+01	6.588868e+02
3.420000e-06	6.797683e-09	2.304171e-09	3.742605e+01	6.602599e+02
3.430000e-06	6.811319e-09	2.308651e-09	3.750125e+01	6.615084e+02
3.440000e-06	6.824457e-09	2.312989e-09	3.757374e+01	6.627387e+02
3.450000e-06	6.837086e-09	2.316941e-09	3.764342e+01	6.638889e+02
3.460000e-06	6.849251e-09	2.320765e-09	3.771052e+01	6.650020e+02
3.470000e-06	6.860978e-09	2.324824e-09	3.777526e+01	6.661633e+02
3.480000e-06	6.872191e-09	2.328857e-09	3.783720e+01	6.673076e+02
3.490000e-06	6.882756e-09	2.332649e-09	3.789556e+01	6.683912e+02
3.500000e-06	6.892549e-09	2.336122e-09	3.794962e+01	6.693957e+02
3.510000e-06	6.901558e-09	2.339231e-09	3.799936e+01	6.702957e+02
3.520000e-06	6.909960e-09	2.342116e-09	3.804575e+01	6.711115e+02
3.530000e-06	6.917940e-09	2.344831e-09	3.808980e+01	6.718664e+02
3.540000e-06	6.925593e-09	2.347329e-09	3.813207e+01	6.725758e+02
3.550000e-06	6.932881e-09	2.349751e-09	3.817235e+01	6.732803e+02
3.560000e-06	6.939709e-09	2.352227e-09	3.821010e+01	6.740020e+02
3.570000e-06	6.946035e-09	2.354583e-09	3.824512e+01	6.746852e+02
3.580000e-06	6.951867e-09	2.356477e-09	3.827742e+01	6.752248e+02
3.590000e-06	6.957212e-09	2.357833e-09	3.830699e+01	6.756032e+02
3.600000e-06	6.962051e-09	2.358952e-09	3.833379e+01	6.759243e+02
3.610000e-06	6.966430e-09	2.360083e-09	3.835807e+01	6.762543e+02
3.620000e-06	6.970454e-09	2.361364e-09	3.838037e+01	6.766114e+02
3.630000e-06	6.974184e-09	2.362845e-09	3.840102e+01	6.770145e+02
3.640000e-06	6.977549e-09	2.364363e-09	3.841968e+01	6.774422e+02
3.650000e-06	6.980375e-09	2.365805e-09	3.843540e+01	6.778735e+02
3.660000e-06	6.982501e-09	2.366898e-09	3.844729e+01	6.782222e+02
3.670000e-06	6.983861e-09	2.367441e-09	3.845497e+01	6.784130e+02
3.680000e-06	6.984538e-09	2.367610e-09	3.845885e+01	6.784666e+02
3.690000e-06	6.984715e-09	2.367624e-09	3.845998e+01	6.784412e+02
3.700000e-06	6.984530e-09	2.368016e-09	3.845912e+01	6.785373e+02
3.710000e-06	6.984005e-09	2.368638e-09	3.845634e+01	6.787158e+02
3.720000e-06	6.983054e-09	2.368793e-09	3.845124e+01	6.787438e+02
3.730000e-06	6.981606e-09	2.368621e-09	3.844342e+01	6.786803e+02
3.740000e-06	6.979705e-09	2.368347e-09	3.843309e+01	6.785977e+02
3.750000e-06	6.977380e-09	2.368116e-09	3.842048e+01	6.785565e+02
3.760000e-06	6.974613e-09	2.369207e-09	3.840545e+01	6.790000e+02
3.770000e-06	6.971383e-09	2.373466e-09	3.838786e+01	6.803636e+02
3.780000e-06	6.967670e-09	2.371673e-09	3.836759e+01	6.794556e+02
3.790000e-06	6.963393e-09	2.352880e-09	3.834427e+01	6.733135e+02
3.800000e-06	6.958400e-09	2.348456e-09	3.831698e+01	6.727336e+02
3.810000e-06	6.952778e-09	2.378338e-09	3.828606e+01	6.828040e+02
3.820000e-06	6.946875e-09	2.383151e-09	3.825352e+01	6.831656e+02
3.830000e-06	6.940727e-09	2.342255e-09	3.821979e+01	6.697360e+02
3.840000e-06	6.933960e-09	2.331917e-09	3.818275e+01	6.678646e+02
3.850000e-06	6.926429e-09	2.374105e-09	3.814146e+01	6.816885e+02
3.860000e-06	6.918401e-09	2.384486e-09	3.809739e+01	6.835446e+02
3.870000e-06	6.910051e-09	2.337023e-09	3.805157e+01	6.681115e+02
3.880000e-06	6.901238e-09	2.323544e-09	3.800326e+01	6.654724e+02
3.890000e-06	6.891843e-09	2.371898e-09	3.795171e+01	6.811064e+02
3.900000e-06	6.881984e-09	2.384819e-09	3.789756e+01	6.835203e+02
3.910000e-06	6.871799e-09	2.337367e-09	3.784159e+01	6.682702e+02
3.920000e-06	6.861167e-09	2.329778e-09	3.778317e+01	6.677259e+02
3.930000e-06	6.849946e-09	2.373314e-09	3.772154e+01	6.815573e+02
3.940000e-06	6.838220e-09	2.369364e-09	3.765715e+01	6.783938e+02
3.950000e-06	6.825994e-09	2.327960e-09	3.759004e+01	6.655491e+02
3.960000e-06	6.813114e-09	2.341727e-09	3.751934e+01	6.719185e+02
3.970000e-06	6.799524e-09	2.374508e-09	3.744468e+01	6.819269e+02
3.980000e-06	6.785282e-09	2.343371e-09	3.736638e+01	6.703860e+02
3.990000e-06	6.770372e-09	2.314324e-09	3.728445e+01	6.618643e+02
4.000000e-06	6.754832e-09	2.354787e-09	3.719905e+01	6.757354e+02
4.010000e-06	6.738836e-09	2.373373e-09	3.711111e+01	6.804095e+02
4.020000e-06	6.722492e-09	2.329850e-09	3.702124e+01	6.662915e+02
4.030000e-06	6.705741e-09	2.325410e-09	3.692915e+01	6.667490e+02
4.040000e-06	6.688520e-09	2.360622e-09	3.683447e+01	6.779235e+02
4.050000e-06	6.670850e-09	2.341628e-09	3.673729e+01	6.701181e+02
4.060000e-06	6.652749e-09	2.312614e-09	3.663779e+01	6.613420e+02
4.070000e-06	6.634209e-09	2.348897e-09	3.653584e+01	6.741103e+02
4.080000e-06	6.615211e-09	2.368001e-09	3.643136e+01	6.791686e+02
4.090000e-06	6.595759e-09	2.325146e-09	3.632440e+01	6.650957e+02
4.100000e-06	6.575906e-09	2.319992e-09	3.621522e+01	6.651452e+02
4.110000e-06	6.555752e-09	2.351689e-09	3.610438e+01	6.753614e+02
4.120000e-06	6.535307e-09	2.329105e-09	3.599192e+01	6.667741e+02
4.130000e-06	6.514412e-09	2.304988e-09	3.587696e+01	6.597665e+02
4.140000e-06	6.492883e-09	2.337178e-09	3.575853e+01	6.710030e+02
4.150000e-06	6.470592e-09	2.339882e-09	3.563594e+01	6.707645e+02
4.160000e-06	6.447549e-09	2.305154e-09	3.550922e+01	6.595083e+02
4.170000e-06	6.423927e-09	2.317468e-09	3.537934e+01	6.647495e+02
4.180000e-06	6.399925e-09	2.334874e-09	3.524731e+01	6.700618e+02
4.190000e-06	6.375622e-09	2.308598e-09	3.511361e+01	6.609535e+02
4.200000e-06	6.350980e-09	2.304734e-09	3.497802e+01	6.604960e+02
4.210000e-06	6.325921e-09	2.320571e-09	3.484017e+01	6.659190e+02
4.220000e-06	6.300382e-09	2.301826e-09	3.469971e+01	6.594288e+02
4.230000e-06	6.274389e-09	2.290051e-09	3.455673e+01	6.560192e+02
4.240000e-06	6.247951e-09	2.303513e-09	3.441132e+01	6.608302e+02
4.250000e-06	6.221000e-09	2.293088e-09	3.426310e+01	6.573254e+02
4.260000e-06	6.193567e-09	2.277963e-09	3.411219e+01	6.526369e+02
4.270000e-06	6.165784e-09	2.286486e-09	3.395933e+01	6.557050e+02
4.280000e-06	6.137750e-09	2.282026e-09	3.380508e+01	6.542943e+02
4.290000e-06	6.109477e-09	2.267132e-09	3.364951e+01	6.496911e+02
4.300000e-06	6.080866e-09	2.270198e-09	3.349208e+01	6.508490e+02
4.310000e-06	6.051742e-09	2.267078e-09	3.333187e+01	6.499018e+02
4.320000e-06	6.021963e-09	2.253034e-09	3.316805e+01	6.457888e+02
4.330000e-06	5.991474e-09	2.253933e-09	3.300034e+01	6.463177e+02
4.340000e-06	5.960349e-09	2.253997e-09	3.282913e+01	6.462488e+02
4.350000e-06	5.928732e-09	2.241051e-09	3.265515e+01	6.423870e+02
4.360000e-06	5.896748e-09	2.236422e-09	3.247912e+01	6.412211e+02
4.370000e-06	5.864442e-09	2.235683e-09	3.230132e+01	6.409033e+02
4.380000e-06	5.831773e-09	2.226318e-09	3.212155e+01	6.381523e+02
4.390000e-06	5.798693e-09	2.220447e-09	3.193953e+01	6.367123e+02
4.400000e-06	5.765192e-09	2.218143e-09	3.175521e+01	6.359904e+02
4.410000e-06	5.731322e-09	2.209983e-09	3.156887e+01	6.335153e+02
4.420000e-06	5.697122e-09	2.203396e-09	3.138070e+01	6.318281e+02
4.430000e-06	5.662568e-09	2.200435e-09	3.119061e+01	6.309997e+02
4.440000e-06	5.627599e-09	2.193519e-09	3.099824e+01	6.288594e+02
4.450000e-06	5.592215e-09	2.185151e-09	3.080356e+01	6.265273e+02
4.460000e-06	5.556480e-09	2.179580e-09	3.060693e+01	6.249724e+02
4.470000e-06	5.520477e-09	2.174422e-09	3.040879e+01	6.234238e+02
4.480000e-06	5.484250e-09	2.168649e-09	3.020941e+01	6.218286e+02
4.490000e-06	5.447755e-09	2.162666e-09	3.000853e+01	6.201964e+02
4.500000e-06	5.410848e-09	2.156021e-09	2.980546e+01	6.182827e+02
4.510000e-06	5.373372e-09	2.148608e-09	2.959929e+01	6.161381e+02
4.520000e-06	5.335245e-09	2.141134e-09	2.938951e+01	6.139823e+02
4.530000e-06	5.296469e-09	2.135088e-09	2.917612e+01	6.122741e+02
4.540000e-06	5.257143e-09	2.129952e-09	2.895969e+01	6.108305e+02
4.550000e-06	5.217415e-09	2.123231e-09	2.874107e+01	6.088816e+02
4.560000e-06	5.177412e-09	2.115375e-09	2.852092e+01	6.066270e+02
4.570000e-06	5.137189e-09	2.108510e-09	2.829951e+01	6.046932e+02
4.580000e-06	5.096728e-09	2.101905e-09	2.807679e+01	6.027946e+02
4.590000e-06	5.055963e-09	2.094240e-09	2.785244e+01	6.005914e+02
4.600000e-06	5.014833e-09	2.086555e-09	2.762609e+01	5.984017e+02
4.610000e-06	4.973304e-09	2.079478e-09	2.739755e+01	5.963689e+02
4.620000e-06	4.931418e-09	2.072213e-09	2.716703e+01	5.942679e+02
4.630000e-06	4.889217e-09	2.065182e-09	2.693473e+01	5.922660e+02
4.640000e-06	4.846674e-09	2.058331e-09	2.670055e+01	5.903356e+02
4.650000e-06	4.803750e-09	2.050321e-09	2.646428e+01	5.880411e+02
4.660000e-06	4.760448e-09	2.041349e-09	2.622593e+01	5.854545e+02
4.670000e-06	4.716833e-09	2.033251e-09	2.598586e+01	5.831440e+02
4.680000e-06	4.672969e-09	2.026161e-09	2.574440e+01	5.811243e+02
4.690000e-06	4.628914e-09	2.018947e-09	2.550188e+01	5.790739e+02
4.700000e-06	4.584682e-09	2.010843e-09	2.525839e+01	5.767740e+02
4.710000e-06	4.540232e-09	2.001859e-09	2.501373e+01	5.741922e+02
4.720000e-06	4.495512e-09	1.993138e-09	2.476756e+01	5.716864e+02
4.730000e-06	4.450462e-09	1.985486e-09	2.451958e+01	5.695269e+02
4.740000e-06	4.405018e-09	1.977748e-09	2.426943e+01	5.673400e+02
4.750000e-06	4.359179e-09	1.969035e-09	2.401708e+01	5.648464e+02
4.760000e-06	4.313003e-09	1.960140e-09	2.376286e+01	5.622956e+02
4.770000e-06	4.266523e-09	1.951809e-09	2.350702e+01	5.599003e+02
4.780000e-06	4.219778e-09	1.943993e-09	2.324974e+01	5.576675e+02
4.790000e-06	4.172801e-09	1.936076e-09	2.299116e+01	5.554419e+02
4.800000e-06	4.125594e-09	1.927219e-09	2.273131e+01	5.529339e+02
4.810000e-06	4.078149e-09	1.917376e-09	2.247016e+01	5.500970e+02
4.820000e-06	4.030414e-09	1.907610e-09	2.220742e+01	5.472778e+02
4.830000e-06	3.982334e-09	1.898828e-09	2.194274e+01	5.447654e+02
4.840000e-06	3.933905e-09	1.890330e-09	2.167607e+01	5.423525e+02
4.850000e-06	3.885106e-09	1.880896e-09	2.140741e+01	5.396673e+02
4.860000e-06	3.835927e-09	1.870923e-09	2.113674e+01	5.368238e+02
4.870000e-06	3.786414e-09	1.861490e-09	2.086416e+01	5.341289e+02
4.880000e-06	3.736627e-09	1.852578e-09	2.059005e+01	5.315808e+02
4.890000e-06	3.686559e-09	1.843138e-09	2.031442e+01	5.288916e+02
4.900000e-06	3.636185e-09	1.832749e-09	2.003707e+01	5.259272e+02
4.910000e-06	3.585514e-09	1.822342e-09	1.975807e+01	5.229435e+02
4.920000e-06	3.534550e-09	1.812734e-09	1.947747e+01	5.201899e+02
4.930000e-06	3.483299e-09	1.803809e-09	1.919527e+01	5.176466e+02
4.940000e-06	3.431799e-09	1.794759e-09	1.891169e+01	5.150961e+02
4.950000e-06	3.380075e-09	1.784873e-09	1.862691e+01	5.122989e+02
4.960000e-06	3.328137e-09	1.774379e-09	1.834096e+01	5.092963e+02
4.970000e-06	3.275996e-09	1.763728e-09	1.805390e+01	5.062432e+02
4.980000e-06	3.223651e-09	1.753021e-09	1.776571e+01	5.031882e+02
4.990000e-06	3.171085e-09	1.742060e-09	1.747627e+01	5.000615e+02
5.000000e-06	3.118257e-09	1.730738e-09	1.718542e+01	4.968163e+02
5.010000e-06	3.065162e-09	1.719739e-09	1.689310e+01	4.936649e+02
5.020000e-06	3.011749e-09	1.709611e-09	1.659906e+01	4.907877e+02
5.030000e-06	2.957957e-09	1.699604e-09	1.630292e+01	4.879608e+02
5.040000e-06	2.903780e-09	1.688687e-09	1.600468e+01	4.848600e+02
5.050000e-06	2.849234e-09	1.676763e-09	1.570440e+01	4.814419e+02
5.060000e-06	2.794340e-09	1.664935e-09	1.540217e+01	4.780340e+02
5.070000e-06	2.739153e-09	1.653604e-09	1.509832e+01	4.747786e+02
5.080000e-06	2.683741e-09	1.642211e-09	1.479325e+01	4.715249e+02
5.090000e-06	2.628136e-09	1.630415e-09	1.448711e+01	4.681750e+02
5.100000e-06	2.572361e-09	1.618184e-09	1.418002e+01	4.646982e+02
5.110000e-06	2.516436e-09	1.605794e-09	1.387210e+01	4.611529e+02
5.120000e-06	2.460397e-09	1.593577e-09	1.356355e+01	4.576681e+02
5.130000e-06	2.404258e-09	1.581310e-09	1.325445e+01	4.541845e+02
5.140000e-06	2.348013e-09	1.568511e-09	1.294475e+01	4.505291e+02
5.150000e-06	2.291666e-09	1.555270e-09	1.263449e+01	4.467313e+02
5.160000e-06	2.235212e-09	1.542411e-09	1.232362e+01	4.430487e+02
5.170000e-06	2.178628e-09	1.530176e-09	1.201204e+01	4.395644e+02
5.180000e-06	2.121917e-09	1.517496e-09	1.169978e+01	4.359526e+02
5.190000e-06	2.065066e-09	1.504133e-09	1.138676e+01	4.321470e+02
5.200000e-06	2.008040e-09	1.490476e-09	1.107279e+01	4.282488e+02
5.210000e-06	1.950852e-09	1.476614e-09	1.075794e+01	4.242674e+02
5.220000e-06	1.893524e-09	1.463122e-09	1.044232e+01	4.204004e+02
5.230000e-06	1.836080e-09	1.449848e-09	1.012609e+01	4.166080e+02
5.240000e-06	1.778524e-09	1.435632e-09	9.809261e+00	4.125395e+02
5.250000e-06	1.720841e-09	1.420878e-09	9.491705e+00	4.083237e+02
5.260000e-06	1.663037e-09	1.406454e-09	9.173440e+00	4.041948e+02
5.270000e-06	1.605132e-09	1.391935e-09	8.854590e+00	4.000243e+02
5.280000e-06	1.547117e-09	1.377400e-09	8.535143e+00	3.958725e+02
5.290000e-06	1.488988e-09	1.362953e-09	8.215070e+00	3.917562e+02
5.300000e-06	1.430753e-09	1.347964e-09	7.894403e+00	3.874534e+02
5.310000e-06	1.372406e-09	1.332414e-09	7.573116e+00	3.829785e+02
5.320000e-06	1.313965e-09	1.316805e-09	7.251267e+00	3.785035e+02
5.330000e-06	1.255421e-09	1.301134e-09	6.928839e+00	3.740166e+02
5.340000e-06	1.196765e-09	1.285258e-09	6.605827e+00	3.694715e+02
5.350000e-06	1.138012e-09	1.269406e-09	6.282301e+00	3.649384e+02
5.360000e-06	1.079176e-09	1.253606e-09	5.958342e+00	3.604263e+02
5.370000e-06	1.020267e-09	1.237647e-09	5.633985e+00	3.558547e+02
5.380000e-06	9.612925e-10	1.221571e-09	5.309261e+00	3.512356e+02
5.390000e-06	9.022678e-10	1.205150e-09	4.984250e+00	3.465237e+02
5.400000e-06	8.431840e-10	1.188063e-09	4.658907e+00	3.416273e+02
5.410000e-06	7.840403e-10	1.170587e-09	4.333192e+00	3.366223e+02
5.420000e-06	7.248516e-10	1.153274e-09	4.007239e+00	3.316658e+02
5.430000e-06	6.656093e-10	1.136241e-09	3.681034e+00	3.267913e+02
5.440000e-06	6.062984e-10	1.119201e-09	3.354407e+00	3.219128e+02
5.450000e-06	5.469248e-10	1.102041e-09	3.027420e+00	3.169887e+02
5.460000e-06	4.875131e-10	1.084504e-09	2.700279e+00	3.119585e+02
5.470000e-06	4.280657e-10	1.066537e-09	2.372970e+00	3.068151e+02
5.480000e-06	3.685757e-10	1.048266e-09	2.045425e+00	3.015792e+02
5.490000e-06	3.090723e-10	1.029670e-09	1.717782e+00	2.962445e+02
5.500000e-06	2.495563e-10	1.010965e-09	1.390055e+00	2.908863e+02
5.510000e-06	1.900222e-10	9.924047e-10	1.062226e+00	2.855786e+02
5.520000e-06	1.304964e-10	9.735922e-10	7.344196e-01	2.801874e+02
5.530000e-06	7.097808e-11	9.544032e-10	4.066337e-01	2.746777e+02
5.540000e-06	1.145679e-11	9.353736e-10	7.885552e-02	2.692273e+02
5.550000e-06	-4.805675e-11	9.161655e-10	-2.488666e-01	2.637325e+02
5.560000e-06	-1.075595e-10	8.963796e-10	-5.765718e-01	2.580614e+02
5.570000e-06	-1.670597e-10	8.764536e-10	-9.042441e-01	2.523434e+02
5.580000e-06	-2.265709e-10	8.565208e-10	-1.231963e+00	2.466243e+02
5.590000e-06	-2.860689e-10	8.363773e-10	-1.559638e+00	2.408555e+02
5.600000e-06	-3.455376e-10	8.160391e-10	-1.887145e+00	2.350407e+02
5.610000e-06	-4.049885e-10	7.952953e-10	-2.214529e+00	2.291083e+02
5.620000e-06	-4.644063e-10	7.742689e-10	-2.541755e+00	2.230801e+02
5.630000e-06	-5.237933e-10	7.533617e-10	-2.868802e+00	2.170706e+02
5.640000e-06	-5.831376e-10	7.324436e-10	-3.195581e+00	2.110676e+02
5.650000e-06	-6.424146e-10	7.111840e-10	-3.522026e+00	2.049829e+02
5.660000e-06	-7.016296e-10	6.894783e-10	-3.848109e+00	1.987752e+02
5.670000e-06	-7.607907e-10	6.674283e-10	-4.173880e+00	1.924592e+02
5.680000e-06	-8.198688e-10	6.449999e-10	-4.499247e+00	1.860120e+02
5.690000e-06	-8.788664e-10	6.222213e-10	-4.824176e+00	1.794660e+02
5.700000e-06	-9.378164e-10	5.991415e-10	-5.148837e+00	1.728435e+02
5.710000e-06	-9.967085e-10	5.757683e-10	-5.473144e+00	1.661358e+02
5.720000e-06	-1.055528e-09	5.522526e-10	-5.797050e+00	1.593877e+02
5.730000e-06	-1.114257e-09	5.286408e-10	-6.120513e+00	1.526125e+02
5.740000e-06	-1.172891e-09	5.046941e-10	-6.443452e+00	1.457424e+02
5.750000e-06	-1.231455e-09	4.802750e-10	-6.765968e+00	1.387445e+02
5.760000e-06	-1.289944e-09	4.552527e-10	-7.088065e+00	1.315715e+02
5.770000e-06	-1.348329e-09	4.296922e-10	-7.409613e+00	1.242295e+02
5.780000e-06	-1.406605e-09	4.039444e-10	-7.730550e+00	1.168268e+02
5.790000e-06	-1.464773e-09	3.779046e-10	-8.050861e+00	1.093534e+02
5.800000e-06	-1.522832e-09	3.514314e-10	-8.370588e+00	1.017757e+02
5.810000e-06	-1.580765e-09	3.245460e-10	-8.689635e+00	9.407396e+01
5.820000e-06	-1.638570e-09	2.971847e-10	-9.007973e+00	8.622163e+01
5.830000e-06	-1.696259e-09	2.694841e-10	-9.325655e+00	7.825533e+01
5.840000e-06	-1.753821e-09	2.415115e-10	-9.642607e+00	7.020877e+01
5.850000e-06	-1.811261e-09	2.129541e-10	-9.958899e+00	6.201247e+01
5.860000e-06	-1.868563e-09	1.837285e-10	-1.027447e+01	5.362512e+01
5.870000e-06	-1.925711e-09	1.541076e-10	-1.058922e+01	4.511705e+01
5.880000e-06	-1.982707e-09	1.243593e-10	-1.090310e+01	3.657567e+01
5.890000e-06	-2.039547e-09	9.431918e-11	-1.121612e+01	2.795748e+01
5.900000e-06	-2.096251e-09	6.360999e-11	-1.152840e+01	1.915213e+01
5.910000e-06	-2.152829e-09	3.237395e-11	-1.183993e+01	1.018335e+01
5.920000e-06	-2.209289e-09	7.504922e-13	-1.215081e+01	1.072282e+00
5.930000e-06	-2.265634e-09	-3.116583e-11	-1.246109e+01	-8.140820e+00
5.940000e-06	-2.321869e-09	-6.325299e-11	-1.277075e+01	-1.738643e+01
5.950000e-06	-2.378012e-09	-9.540299e-11	-1.307987e+01	-2.661698e+01
5.960000e-06	-2.434065e-09	-1.276862e-10	-1.338851e+01	-3.587483e+01
5.970000e-06	-2.490013e-09	-1.603052e-10	-1.369662e+01	-4.524558e+01
5.980000e-06	-2.545816e-09	-1.933495e-10	-1.400395e+01	-5.475783e+01
5.990000e-06	-2.601457e-09	-2.266736e-10	-1.431040e+01	-6.435858e+01
6.000000e-06	-2.656903e-09	-2.599095e-10	-1.461581e+01	-7.391948e+01
6.010000e-06	-2.712109e-09	-2.931237e-10	-1.491990e+01	-8.345872e+01
6.020000e-06	-2.767044e-09	-3.262695e-10	-1.522253e+01	-9.298201e+01
6.030000e-06	-2.821675e-09	-3.594481e-10	-1.552357e+01	-1.025168e+02
6.040000e-06	-2.875969e-09	-3.929659e-10	-1.582274e+01	-1.121484e+02
6.050000e-06	-2.929914e-09	-4.266088e-10	-1.611994e+01	-1.218131e+02
6.060000e-06	-2.983503e-09	-4.604041e-10	-1.641516e+01	-1.315214e+02
6.070000e-06	-3.036747e-09	-4.941610e-10	-1.670851e+01	-1.412308e+02
6.080000e-06	-3.089697e-09	-5.273876e-10	-1.700017e+01	-1.507893e+02
6.090000e-06	-3.142378e-09	-5.605612e-10	-1.729031e+01	-1.603170e+02
6.100000e-06	-3.194812e-09	-5.940623e-10	-1.757912e+01	-1.699322e+02
6.110000e-06	-3.247031e-09	-6.274606e-10	-1.786673e+01	-1.795268e+02
6.120000e-06	-3.299057e-09	-6.606534e-10	-1.815325e+01	-1.890777e+02
6.130000e-06	-3.350886e-09	-6.935546e-10	-1.843871e+01	-1.985545e+02
6.140000e-06	-3.402481e-09	-7.259057e-10	-1.872292e+01	-2.078579e+02
6.150000e-06	-3.453820e-09	-7.580404e-10	-1.900574e+01	-2.170714e+02
6.160000e-06	-3.504909e-09	-7.902303e-10	-1.928716e+01	-2.262958e+02
6.170000e-06	-3.555737e-09	-8.223288e-10	-1.956714e+01	-2.355157e+02
6.180000e-06	-3.606273e-09	-8.541794e-10	-1.984548e+01	-2.446736e+02
6.190000e-06	-3.656515e-09	-8.858221e-10	-2.012219e+01	-2.537626e+02
6.200000e-06	-3.706464e-09	-9.172742e-10	-2.039726e+01	-2.628024e+02
6.210000e-06	-3.756069e-09	-9.483487e-10	-2.067045e+01	-2.717347e+02
6.220000e-06	-3.805292e-09	-9.787736e-10	-2.094162e+01	-2.804705e+02
6.230000e-06	-3.854137e-09	-1.008752e-09	-2.121068e+01	-2.890835e+02
6.240000e-06	-3.902545e-09	-1.038683e-09	-2.147732e+01	-2.976750e+02
6.250000e-06	-3.950514e-09	-1.068230e-09	-2.174151e+01	-3.061411e+02
6.260000e-06	-3.998102e-09	-1.097141e-09	-2.200357e+01	-3.144338e+02
6.270000e-06	-4.045384e-09	-1.125557e-09	-2.226395e+01	-3.225948e+02
6.280000e-06	-4.092434e-09	-1.153638e-09	-2.252301e+01	-3.306583e+02
6.290000e-06	-4.139267e-09	-1.181433e-09	-2.278086e+01	-3.386457e+02
6.300000e-06	-4.185894e-09	-1.208709e-09	-2.303757e+01	-3.464830e+02
6.310000e-06	-4.232296e-09	-1.235075e-09	-2.329308e+01	-3.540459e+02
6.320000e-06	-4.278479e-09	-1.260641e-09	-2.354741e+01	-3.613765e+02
6.330000e-06	-4.324401e-09	-1.285953e-09	-2.380032e+01	-3.686380e+02
6.340000e-06	-4.369977e-09	-1.311252e-09	-2.405137e+01	-3.759045e+02
6.350000e-06	-4.415203e-09	-1.336322e-09	-2.430055e+01	-3.831030e+02
6.360000e-06	-4.460107e-09	-1.360547e-09	-2.454794e+01	-3.900467e+02
6.370000e-06	-4.504720e-09	-1.383989e-09	-2.479370e+01	-3.967675e+02
6.380000e-06	-4.549106e-09	-1.406979e-09	-2.503816e+01	-4.033574e+02
6.390000e-06	-4.593297e-09	-1.429567e-09	-2.528155e+01	-4.098245e+02
6.400000e-06	-4.637302e-09	-1.452097e-09	-2.552393e+01	-4.162767e+02
6.410000e-06	-4.681098e-09	-1.474367e-09	-2.576518e+01	-4.226599e+02
6.420000e-06	-4.724630e-09	-1.496070e-09	-2.600499e+01	-4.288834e+02
6.430000e-06	-4.767839e-09	-1.517492e-09	-2.624301e+01	-4.350288e+02
6.440000e-06	-4.810695e-09	-1.538671e-09	-2.647908e+01	-4.410984e+02
6.450000e-06	-4.853210e-09	-1.559334e-09	-2.671328e+01	-4.470144e+02
6.460000e-06	-4.895406e-09	-1.579403e-09	-2.694574e+01	-4.527576e+02
6.470000e-06	-4.937284e-09	-1.599106e-09	-2.717649e+01	-4.583918e+02
6.480000e-06	-4.978816e-09	-1.618772e-09	-2.740533e+01	-4.640207e+02
6.490000e-06	-5.019961e-09	-1.638326e-09	-2.763202e+01	-4.696307e+02
6.500000e-06	-5.060745e-09	-1.657683e-09	-2.785668e+01	-4.751885e+02
6.510000e-06	-5.101231e-09	-1.676773e-09	-2.807965e+01	-4.806739e+02
6.520000e-06	-5.141475e-09	-1.695334e-09	-2.830127e+01	-4.860057e+02
6.530000e-06	-5.181506e-09	-1.713364e-09	-2.852173e+01	-4.911708e+02
6.540000e-06	-5.221275e-09	-1.730985e-09	-2.874079e+01	-4.962151e+02
6.550000e-06	-5.260699e-09	-1.748173e-09	-2.895803e+01	-5.011378e+02
6.560000e-06	-5.299677e-09	-1.765222e-09	-2.917287e+01	-5.060275e+02
6.570000e-06	-5.338087e-09	-1.782139e-09	-2.938458e+01	-5.108863e+02
6.580000e-06	-5.375883e-09	-1.798472e-09	-2.959292e+01	-5.155694e+02
6.590000e-06	-5.413113e-09	-1.814482e-09	-2.979810e+01	-5.201533e+02
6.600000e-06	-5.449854e-09	-1.830539e-09	-3.000055e+01	-5.247608e+02
6.610000e-06	-5.486232e-09	-1.846528e-09	-3.020093e+01	-5.293554e+02
6.620000e-06	-5.522338e-09	-1.862356e-09	-3.039978e+01	-5.339048e+02
6.630000e-06	-5.558178e-09	-1.877649e-09	-3.059721e+01	-5.383074e+02
6.640000e-06	-5.593690e-09	-1.891904e-09	-3.079290e+01	-5.424016e+02
6.650000e-06	-5.628812e-09	-1.905425e-09	-3.098648e+01	-5.462642e+02
6.660000e-06	-5.663533e-09	-1.918610e-09	-3.117782e+01	-5.500240e+02
6.670000e-06	-5.697856e-09	-1.931644e-09	-3.136693e+01	-5.537373e+02
6.680000e-06	-5.731791e-09	-1.944923e-09	-3.155388e+01	-5.575279e+02
6.690000e-06	-5.765315e-09	-1.958191e-09	-3.173858e+01	-5.613387e+02
6.700000e-06	-5.798408e-09	-1.971014e-09	-3.192093e+01	-5.650332e+02
6.710000e-06	-5.831114e-09	-1.983440e-09	-3.210108e+01	-5.686131e+02
6.720000e-06	-5.863472e-09	-1.995173e-09	-3.227928e+01	-5.719832e+02
6.730000e-06	-5.895526e-09	-2.006087e-09	-3.245586e+01	-5.750975e+02
6.740000e-06	-5.927250e-09	-2.016334e-09	-3.263062e+01	-5.780103e+02
6.750000e-06	-5.958499e-09	-2.026439e-09	-3.280282e+01	-5.808826e+02
6.760000e-06	-5.989155e-09	-2.037264e-09	-3.297178e+01	-5.839761e+02
6.770000e-06	-6.019141e-09	-2.048253e-09	-3.313701e+01	-5.871368e+02
6.780000e-06	-6.048459e-09	-2.058827e-09	-3.329860e+01	-5.901773e+02
6.790000e-06	-6.077253e-09	-2.069290e-09	-3.345732e+01	-5.931838e+02
6.800000e-06	-6.105682e-09	-2.079222e-09	-3.361395e+01	-5.960378e+02
6.810000e-06	-6.133831e-09	-2.088302e-09	-3.376899e+01	-5.986336e+02
6.820000e-06	-6.161691e-09	-2.096971e-09	-3.392245e+01	-6.010966e+02
6.830000e-06	-6.189173e-09	-2.105509e-09	-3.407388e+01	-6.035179e+02
6.840000e-06	-6.216218e-09	-2.114107e-09	-3.422295e+01	-6.059705e+02
6.850000e-06	-6.242819e-09	-2.123119e-09	-3.436958e+01	-6.085546e+02
6.860000e-06	-6.268971e-09	-2.132390e-09	-3.451373e+01	-6.112173e+02
6.870000e-06	-6.294661e-09	-2.141388e-09	-3.465528e+01	-6.138140e+02
6.880000e-06	-6.319875e-09	-2.149657e-09	-3.479419e+01	-6.161969e+02
6.890000e-06	-6.344654e-09	-2.157317e-09	-3.493069e+01	-6.183829e+02
6.900000e-06	-6.369079e-09	-2.164920e-09	-3.506522e+01	-6.205513e+02
6.910000e-06	-6.393224e-09	-2.172547e-09	-3.519818e+01	-6.227228e+02
6.920000e-06	-6.417062e-09	-2.179934e-09	-3.532948e+01	-6.248250e+02
6.930000e-06	-6.440464e-09	-2.187019e-09	-3.545840e+01	-6.268481e+02
6.940000e-06	-6.463267e-09	-2.193944e-09	-3.558407e+01	-6.288304e+02
6.950000e-06	-6.485372e-09	-2.200813e-09	-3.570592e+01	-6.307976e+02
6.960000e-06	-6.506784e-09	-2.207831e-09	-3.582396e+01	-6.327996e+02
6.970000e-06	-6.527602e-09	-2.214935e-09	-3.593865e+01	-6.348395e+02
6.980000e-06	-6.547998e-09	-2.221668e-09	-3.605099e+01	-6.367763e+02
6.990000e-06	-6.568105e-09	-2.227933e-09	-3.616174e+01	-6.385642e+02
7.000000e-06	-6.587886e-09	-2.233935e-09	-3.627072e+01	-6.402738e+02
7.010000e-06	-6.607240e-09	-2.239891e-09	-3.637738e+01	-6.419695e+02
7.020000e-06	-6.626121e-09	-2.245839e-09	-3.648140e+01	-6.436684e+02
7.030000e-06	-6.644552e-09	-2.251544e-09	-3.658296e+01	-6.452969e+02
7.040000e-06	-6.662575e-09	-2.257236e-09	-3.668231e+01	-6.469182e+02
7.050000e-06	-6.680149e-09	-2.263128e-09	-3.677919e+01	-6.486121e+02
7.060000e-06	-6.697233e-09	-2.268920e-09	-3.687336e+01	-6.502812e+02
7.070000e-06	-6.713871e-09	-2.274461e-09	-3.696505e+01	-6.518725e+02
7.080000e-06	-6.730172e-09	-2.279605e-09	-3.705485e+01	-6.533541e+02
7.090000e-06	-6.746176e-09	-2.284279e-09	-3.714303e+01	-6.546890e+02
7.100000e-06	-6.761729e-09	-2.288802e-09	-3.722879e+01	-6.559624e+02
7.110000e-06	-6.776607e-09	-2.293273e-09	-3.731096e+01	-6.572170e+02
7.120000e-06	-6.790711e-09	-2.297611e-09	-3.738881e+01	-6.584463e+02
7.130000e-06	-6.804059e-09	-2.301909e-09	-3.746245e+01	-6.596791e+02
7.140000e-06	-6.816791e-09	-2.306091e-09	-3.753267e+01	-6.608890e+02
7.150000e-06	-6.829055e-09	-2.310279e-09	-3.760029e+01	-6.621051e+02
7.160000e-06	-6.840851e-09	-2.314477e-09	-3.766539e+01	-6.633152e+02
7.170000e-06	-6.852145e-09	-2.318302e-09	-3.772772e+01	-6.644114e+02
7.180000e-06	-6.862932e-09	-2.321765e-09	-3.778721e+01	-6.653945e+02
7.190000e-06	-6.873255e-09	-2.325098e-09	-3.784413e+01	-6.663290e+02
7.200000e-06	-6.883144e-09	-2.328403e-09	-3.789870e+01	-6.672756e+02
7.210000e-06	-6.892553e-09	-2.331591e-09	-3.795065e+01	-6.682100e+02
7.220000e-06	-6.901475e-09	-2.334589e-09	-3.799984e+01	-6.690824e+02
7.230000e-06	-6.909986e-09	-2.337623e-09	-3.804673e+01	-6.699570e+02
7.240000e-06	-6.918167e-09	-2.340790e-09	-3.809183e+01	-6.708657e+02
7.250000e-06	-6.926016e-09	-2.343829e-09	-3.813515e+01	-6.717492e+02
7.260000e-06	-6.933419e-09	-2.346445e-09	-3.817605e+01	-6.725187e+02
7.270000e-06	-6.940162e-09	-2.348564e-09	-3.821338e+01	-6.731254e+02
7.280000e-06	-6.946115e-09	-2.350324e-09	-3.824638e+01	-6.736102e+02
7.290000e-06	-6.951344e-09	-2.352094e-09	-3.827537e+01	-6.741014e+02
7.300000e-06	-6.956022e-09	-2.354077e-09	-3.830125e+01	-6.746710e+02
7.310000e-06	-6.960321e-09	-2.355977e-09	-3.832497e+01	-6.752351e+02
7.320000e-06	-6.964300e-09	-2.357728e-09	-3.834693e+01	-6.757515e+02
7.330000e-06	-6.967894e-09	-2.359586e-09	-3.836679e+01	-6.762861e+02
7.340000e-06	-6.970998e-09	-2.361164e-09	-3.838404e+01	-6.767474e+02
7.350000e-06	-6.973632e-09	-2.362240e-09	-3.839867e+01	-6.770673e+02
7.360000e-06	-6.975862e-09	-2.363071e-09	-3.841103e+01	-6.772989e+02
7.370000e-06	-6.977621e-09	-2.363815e-09	-3.842085e+01	-6.774881e+02
7.380000e-06	-6.978813e-09	-2.364977e-09	-3.842760e+01	-6.778122e+02
7.390000e-06	-6.979538e-09	-2.366625e-09	-3.843170e+01	-6.782972e+02
